^GSPC,^DJI,F,MSFT,FB,NFLX,GOOG,TSLA,^BVSP,PETR4.SA,VALE3.SA,UGPA3.SA,ITSA3.SA,EZTC3.SA
100.0,100.0,100.0,100.0,,100.0,100.0,100.0,100.0,100.0,100.0,100.0,100.0,100.0
100.01879239999403,100.1697135948191,101.52738406641055,102.35334236043099,,111.36489650415513,100.43131775505954,98.68233319003312,100.16873365392726,100.7139547920333,100.67882973190572,102.64194684210923,100.0,100.78338903911177
100.31321941149773,100.14777568061295,104.13297178663056,103.3992799975817,,109.77298114903714,99.03818727773283,96.58119983233264,98.78680502826289,99.55376330367261,97.98686647431947,101.91314318008153,103.74997701556224,96.68668618394086
100.05872863965584,99.69783969442257,105.21116325018522,105.00558715155226,,119.44906085255529,97.68714174625917,95.83333305031033,98.87792120138361,99.64298273383245,97.14418388088082,101.09320982430074,100.0,97.16869697082616
100.28502125280883,99.96217383697743,106.01975503926846,103.62341567809901,,135.90808464488197,93.54533306399951,97.04415980783055,99.69290474985236,100.98169282281467,97.02715506774835,102.94562008775652,100.0,98.43407735515552
101.1761308608678,100.52502903327371,106.01975503926846,103.99699824317193,,132.65503861641815,93.6475301541261,98.36182661779742,100.91284906774656,102.18650897756187,96.91010746989467,100.88063162233291,100.69448502752762,100.42207860590283
101.20745471375714,100.42001062314941,108.44565230906586,103.54871822055827,,127.56091132824659,94.07132583507452,100.53418667712901,101.1760735678731,102.23113364394838,97.63576751177457,102.33827359646195,100.3472061027733,102.83131599028566
101.4439368988296,100.59399364328259,109.07460850387297,104.59465585770897,,127.56091132824659,94.6243686107254,100.6054133787601,101.10689276976292,102.98970313483049,96.6526065115608,104.31214969316926,100.69448502752762,104.2165996199154
100.94200011546907,100.19907180172977,108.17611358586828,105.52853864696954,,130.64784059296366,93.92555227399573,81.16097214190972,99.80089428836581,102.85584907074639,94.68632834214942,104.6158489263718,101.7361306440904,103.61468558772971
101.3006424592006,100.68313168175894,107.99642923057307,105.56589603731894,,131.11849551588236,94.46507004735868,94.72934634523676,102.3302117607357,,,,102.63895935932676,102.89125465182403
102.42588281265832,101.46458618043741,110.87153738860852,105.45382386627075,,136.40642569509183,95.1157985100585,95.47720633470695,104.14747321353244,108.74607578039839,100.88951290341284,109.29239611929572,104.16671900746553,102.89125465182403
102.93172910344384,101.82781029604212,113.29738589738683,105.0429272187436,,143.21705591119147,96.11668550714523,95.29914637318132,104.4916898675441,108.03210105328964,100.60862496717371,108.10808258879709,99.3055513834629,105.90407157125938
103.00063775632127,102.60620057618337,113.11771373234637,110.98242314429349,,138.75969106865494,88.06450312050988,94.72934634523676,105.1413144351641,108.07672571967615,100.46817160669352,106.0431027858919,98.05558028468661,106.98798342921856
103.0491863827555,102.51214718457788,113.74665773689871,111.0571119402552,,130.06645040191088,87.9938674380368,95.33475972399688,105.26617733907028,112.13743081532066,99.74249904166615,105.52684267575839,98.61110276692578,105.90407157125938
102.94347674311459,102.24539475130085,115.18424229155335,109.60026033241928,,128.28073215575498,87.30407390746247,97.64957318659066,105.43491099299756,113.34223700253017,100.67882973190572,104.58546081176287,98.61110276692578,104.81931076047704
103.23947138106743,102.72033287023461,114.91466699759145,110.19795259327243,,160.58970342206447,85.37593705985049,103.06268024461612,106.22289715683793,111.20033275627934,100.1638653846804,104.40326206188556,100.69448502752762,106.80730553066842
103.07502354307283,102.12206192446946,110.13403916533812,109.1893636848921,,171.3593666715213,87.1613018104721,104.45156696366196,106.14021766641358,110.08475596676743,100.74905954293267,104.0084851100404,99.3055513834629,108.07267943444188
102.81505563735678,102.06769370764692,110.85565348664448,110.60886656395765,,173.629573663211,86.81715541120703,105.30626700557879,105.91411457015101,109.63852923797775,101.80245035417339,104.16032173286405,99.65274838348857,106.08470410591822
102.76807463737168,101.89983912458823,112.02825847338514,110.31000744116255,,166.38981771512934,87.18083894788188,103.52564022011401,106.42369020501138,109.63852923797775,104.63483566437112,107.34889947467889,99.65274838348857,106.8672377116509
103.68266996607427,102.57377027356698,111.21648502780718,111.6548215242664,,170.22425393464596,87.28903896618529,105.34188035639434,108.94625833122416,111.3342167229766,106.74157345583643,109.77830276489398,100.06947216989659,111.44597727593073
103.7962177379609,102.4846401122591,110.58507859179151,111.87894854320469,,171.6500525260172,87.93225456171903,107.72792052061924,108.99012908124526,109.46005050750716,106.67134364480948,110.23379530832804,100.06947216989659,112.04868193593647
105.31219854256622,103.74958733483646,115.36565766302576,112.96226955544186,,175.01384306364557,89.6184328932475,110.9330473759454,110.04302708175146,109.81702790352381,107.37357913934169,110.53748587901215,97.98617183402342,113.85522762142537
105.26755942355699,103.61165023765024,116.89904542991005,112.8128140093072,,178.91749460139,91.53604620265996,113.2478608385392,110.05483843752637,110.93261466057345,107.32676761408868,109.93013072519919,97.91662684214579,113.73532437612499
105.48055588798582,103.87840267092727,116.1774311086037,113.37314021823195,,177.0210503281305,91.18738840031723,112.53561419988456,111.22416265924238,114.23469046010952,107.30334932831474,111.14480638275145,100.0,114.69851643874011
105.70841612758797,103.92478343891496,115.8166727089696,114.53115868800982,,171.6500525260172,91.65026756303028,113.71082760658923,111.07905171686492,113.47612096922741,106.55428978538207,109.32276690886779,100.13884420956929,113.4938977465487
105.86424202011227,103.97729264397711,114.4636519516476,114.942055335537,,172.81285139018365,91.89221687216875,116.02564786173515,110.57116341854383,113.78847369885756,105.57116009303698,110.84115046214103,98.95827245870858,114.75929109198988
105.13522881037416,103.25754788314094,112.20864986345696,113.93348375031474,,171.5531695625592,91.05815051255985,110.75498741441979,107.98616384037796,104.8638892853754,103.76873478515851,109.01910232573893,100.0,114.63859721886945
105.85015249946568,103.84484593321879,113.11065557483514,114.23230822679375,,163.75969106865494,92.00342756150562,112.14387413346563,110.844511937906,,106.39044944699658,108.86726570291529,101.04165471931042,114.63859721886945
105.75070380692348,103.8790485987423,112.5694692143649,113.7434920143273,,170.3626845711016,91.63674256074236,118.12677442688351,109.74268117776091,103.56981383031743,103.58146363785161,108.25991921162073,100.0,120.18049644298488
105.1814259971347,103.09396272539631,111.66747569324151,112.99147639992555,,168.9645721070215,91.00555123545233,119.65811454919155,110.29781489918165,103.07897240267896,101.75560125947798,108.74579986966376,101.94449253729441,119.87996714358158
106.34112545638004,104.08715551271426,114.91464261708191,117.65402171405893,,168.75692615233802,91.14982406448692,121.72364814118075,111.60381338057877,106.5595568352988,102.13015607723928,111.60033357625923,98.61110276692578,120.48184229243184
106.5909133488745,104.45650806539342,115.00485050237259,117.50363071738923,,168.67386777046462,90.86729054153962,124.53704172264013,111.70842824601365,107.3181263261809,100.4915711077463,113.90826237070432,98.61110276692578,121.98783275629384
106.76553164139284,104.73737638457973,111.84786708331332,117.95482969213545,,156.40919061140875,91.08820198122409,122.9700814569644,111.06049101493294,106.73806546838259,102.66854497181228,117.5293596571098,99.3055513834629,120.78322702521422
106.94406900003403,104.72333927035523,110.31443055540994,118.36842009074044,,154.58195241534662,91.65778043019634,120.19230801887271,111.26803340926348,109.23693714311231,103.20694012795902,118.93409963126258,97.98617183402342,120.66249426875837
107.08893106611217,104.71172044685287,110.94587356218992,117.87962120143203,,151.45349395969285,91.56910834235768,119.72934125082266,110.083523158694,108.65682644762538,102.10675657618651,119.33990396905332,97.91662684214579,119.33718170344652
107.44835722306827,104.90216674910124,110.49484632599132,119.83488605129786,,156.86601171171236,92.93367887611926,120.405988123766,111.29503079389184,108.5675970499278,103.18352810375879,120.68220451045207,100.06947216989659,120.48184229243184
106.93937567938445,104.47425532597023,111.66747569324151,119.3460698388314,,153.28073215575498,92.91264100666527,118.98148126135249,111.04699232261875,108.47834771715476,101.9428724067849,121.7123512006727,99.3055513834629,120.42191011144936
107.59791260979598,104.70196063511088,114.1930892470494,121.41412577080474,,156.07697556597614,93.53631946478923,122.54273483228204,112.73095418881296,111.0218340907333,103.1132795080106,124.39693495843333,99.93050962460815,120.8431592061967
107.24867602475932,104.67994394922,114.73426341726487,120.62451890341985,,159.33002159444,93.3634958991346,121.22507481486728,114.37104530498607,112.89601027374047,104.04966655241381,123.30438348553234,99.3055513834629,122.59055037741138
106.83365648104568,104.56088054770267,112.38907782429308,119.57166066462548,,153.3914766649195,92.31151035698456,120.2635347205038,112.99080401586097,109.72777857075077,101.00656676284025,123.023423363176,98.1249887353498,127.28916078421206
105.19160601035628,102.91812069350277,109.05165425414292,118.66924539197498,,148.29734937674795,90.91537841556946,117.91310790709446,109.86923141820637,105.97947604242503,96.11423014013528,121.08801751076123,97.91662684214579,122.5306052353171
105.91749352589395,103.54873529303106,110.40465063095539,119.72210363076937,,145.61185047569128,91.19189980339489,117.94871446535788,111.39289631316967,107.00577359655074,95.97376425650762,122.05572476822782,99.93050962460815,124.21724767550562
106.95738426615391,104.11829395970057,112.38907782429308,120.36131083990553,,149.5985603953091,91.24299834845819,117.77065450383226,112.89631316966168,107.4966449268024,96.32491957321614,123.49165847120236,97.22217822560869,126.20523596514109
107.3457732776278,104.23185909762151,113.47145054523354,120.28611101078116,,151.06589741864752,90.20754847962954,123.71795503153884,112.55209651565006,105.80096740934127,96.23127773798895,124.24085370158508,98.61110276692578,127.10850880788553
107.36299805117268,104.5358784149593,112.11849073918536,120.47412790675014,,147.00997218080187,90.94392915218951,128.24073511172764,112.01383615962203,104.55152658820752,95.08427013781599,124.55304220283685,97.91662684214579,127.71121346789127
109.30965554658738,106.29407029600904,114.55383545642874,122.84297449364192,,147.21760889445486,92.84201453113724,128.52564191825203,115.403695267021,109.01382377871747,99.95318847474701,126.92548943445622,103.81938546622544,129.57852084551814
109.1788925598537,106.42651700676736,116.1774311086037,123.2190169471589,,145.69490885756466,92.57300601047788,125.67664177852924,115.17253016114064,110.79873069387618,99.01685778450744,127.0503249873722,99.09719859300651,129.57852084551814
109.83038472994193,106.89968276279396,116.35785906943983,123.51978161734027,,152.5055390736643,93.34545949376901,124.64387498253464,114.31536319919007,108.07672571967615,99.95318847474701,125.86413169037698,98.61110276692578,134.8190612590748
109.9533287018256,106.7372319173099,112.84006848972739,122.5797664301276,,152.21484397813794,93.93306514116179,125.78347503842377,114.20568632413735,108.65682644762538,100.585200419826,124.67787775575286,97.91662684214579,137.65039021047224
110.3902663397337,106.78974112237205,113.92244121066784,121.07575252448217,,158.2641241757925,95.27659780546941,124.57264828090355,114.2833038049439,,100.585200419826,124.67787775575286,97.91662684214579,139.15636771322244
110.0590383414665,106.23366029096528,113.11065557483514,120.28611101078116,,159.21927708527548,95.20296065890791,124.50142157927245,113.55099974689952,108.299839084071,99.74249904166615,122.5239685387726,98.75003800397135,139.9397502717783
109.85309619605883,105.86608010119325,113.3812548501976,119.98527704796757,,166.2513870786737,96.178298383463,125.1780684522158,112.8153210157766,107.58588429203768,99.36799431649474,125.83288598644471,103.74997701556224,140.4816802785343
109.06143528054204,105.2330393337743,111.12626495226175,120.32371958692237,,164.35492432335326,97.09052249965612,122.50712827401861,111.07398970724711,107.58588429203768,97.3080617887087,125.83288598644471,103.74997701556224,140.4816802785343
109.40049185235712,105.51205651836872,111.12626495226175,120.36131083990553,,166.37597465148377,96.57054186370296,121.36752821812951,111.04867965915801,105.75635271049246,97.26123774030823,125.17734124267466,101.31940685768237,137.34984794995714
110.9196079098607,106.80990667367105,112.5694692143649,122.54219250030252,,168.86767066150253,97.58344392408837,133.19088898680732,112.52003712140386,108.03210105328964,98.57209820201415,125.17734124267466,98.88888221354063,138.79506376056938
110.60717231158755,106.45580431916176,111.12626495226175,122.27894979047207,,167.04042322440992,97.2362960607349,135.11395559043,111.42664304395511,106.20256947174443,99.2743399581201,126.3948062311574,98.88888221354063,137.04847617828656
110.06060596791565,105.87890413147247,111.12626495226175,121.0381266251829,,164.4656688325178,98.5497680494332,134.7934422256422,109.81017463933182,104.37302792266148,97.37826655344072,125.48953840644484,101.66669488518431,134.45774434530995
109.88363623572361,106.03708555164243,112.74988498494625,120.7749272232476,,159.26080627621218,97.44518323017564,132.94160232365059,109.46089597570234,104.06068516056905,98.68913327672036,124.86518739149655,98.95827245870858,133.25312565311853
110.29003383396694,106.57122846884309,112.5694692143649,121.30134335027624,,159.2469632125666,96.36765762243901,132.62108895886274,108.8517674850249,104.19454919219086,100.42134129671932,124.86518739149655,97.56945715036301,135.5424986755364
111.11772148172052,106.99430331052973,113.83225770588669,121.41412577080474,,157.7657923666131,97.22126111945771,130.2706621454534,110.04133974521217,103.65905319555273,103.01963141120969,125.80167493258611,95.3472670911824,135.5424986755364
110.67451333801581,106.47047948403285,114.01260033493944,120.09811143797022,,156.36766142047207,96.57504405983556,135.36324225358675,108.46874209060996,100.62468552418484,100.70225427925341,127.98681252846178,96.52779332830498,135.8430409360515
109.54535391843525,105.46381673862066,112.84006848972739,117.35318775124534,,152.6301266464744,95.4524320421575,124.64387498253464,107.19480300345904,97.09949636025392,98.71252025462564,126.6133269207597,95.90278047067396,137.7111389414984
109.47644526555784,105.34596642104867,112.47926132907422,118.5188284105682,,152.96235093293745,95.02712642221982,122.79202149543877,107.46815152282123,98.17044848337933,98.45504434258673,126.42601728501599,95.90278047067396,135.783108755069
108.2329638195639,104.29292290764877,110.22428362139311,116.93960601421938,,147.67442075372801,94.80471425049114,118.05556131035667,106.17227706065975,96.34089696675866,97.42509686341492,124.89638112031831,96.45830295291312,133.67520425902134
106.38418739024225,102.56949297108441,106.34566150051796,114.5707334425905,,141.0852795559574,94.20658506489885,115.59828765194855,104.17278326162153,94.55599005159995,96.53557769842833,123.7726185935587,96.45830295291312,130.60247460027122
107.1766321189836,103.29109674368095,107.42807079222271,114.11954312942329,,138.1644578139566,95.57415706274884,117.84188120546335,103.42191850164515,95.26995481117098,96.53557769842833,124.86518739149655,96.45830295291312,130.60247460027122
108.6534604971517,104.75261870558114,108.8712628640711,116.4883897163151,,144.3244825207757,97.8359259783714,119.088314521247,106.40006749346158,98.21507314976584,102.66854497181228,127.4873577040584,93.61114554983963,130.60247460027122
107.29800846441813,103.64762526608091,107.51825429700386,115.84915652244186,,144.19989494796562,93.86694086176638,119.62250799092813,104.7937231080739,96.69788433031303,102.5280916113321,124.86518739149655,93.61114554983963,128.31312750007694
107.24397314541187,104.22694374449237,107.1574471363507,116.86442350825305,,140.0193821373099,91.08218984610224,114.85042766247835,104.5389352906437,95.983919570742,101.17291173072027,126.11382878376422,93.74997155391365,129.3978559080798
108.90482557479318,105.79283818870182,107.42807079222271,118.21802909407073,,148.14507567664674,91.60818261717725,114.81482110421493,105.79431367586265,96.29627230037214,103.33269131330623,128.92328274451452,95.13889609523076,130.1804089554802
108.46318505753763,105.12503547679752,106.34566150051796,117.08999701088906,,148.06201729477334,91.28958549044384,116.3105410831553,106.31907533957647,97.09949636025392,104.38856170774655,132.91899930240737,95.13889609523076,131.32508250557734
107.81952146099727,104.5712862872597,105.17305651377731,116.60120678315971,,148.24197712216568,90.06477638263917,118.09116786862009,105.65763941618155,95.71618153996066,103.62064856629371,133.60574643751764,90.4167001192642,131.02455320617403
107.94559112708136,105.0968824766637,102.91810318660575,121.90297662958731,,146.8853846079918,89.57785788638371,118.09116786862009,105.44840968531173,95.76078627127173,103.3806674912742,133.76183635688432,89.30556412730957,130.4218355850565
107.0380310000042,104.27340328416483,102.37688025537122,120.7749272232476,,140.97453504679288,89.80929286426772,113.74644095740479,103.83700329030626,94.95760208154084,102.70873801362595,134.23008012742912,90.34720974387234,129.09651005863282
107.43190670405009,104.87344659283713,102.73768741602439,120.02287696252975,,121.37320049413638,90.36083490787439,113.3190875401703,104.56593267527208,94.7791133835325,102.94871282707174,131.73275403030166,90.27779219046153,128.67443145273
108.89777125577203,105.59263207471147,105.80447514004774,121.07575252448217,,119.53211923442868,91.6307304256205,117.20085447588771,104.19303130009281,94.2882520208186,101.46088150685524,133.1375286545281,88.88884034090154,128.8558870179884
109.62522639775882,106.51137774276114,107.06727582182431,120.73730998552736,,117.76024405191832,92.49485746083872,119.26638806787689,104.94895806968701,94.7791133835325,102.94871282707174,133.57455270869588,89.16660158202113,130.30112875082423
109.88989718282234,106.70246209565607,104.63185796305233,120.2484851114819,,115.91916279221061,92.42122031427724,118.73219459819575,104.0934784442757,93.39578859570152,102.2768021341447,135.79087537087491,84.4464628270185,131.68637349711858
109.46313955813581,106.58405249912228,102.18593819979682,120.39891075446772,,110.93577077217311,90.89885194919313,117.98433460872558,104.3111448578419,95.00221678038963,102.2287821251606,135.16655034348184,86.97762744893495,131.16230390242876
109.80768282252289,107.02721412042315,100.55534534138442,119.57166066462548,,113.82890638688276,91.26103475382378,120.86894130671178,105.33029612756263,95.00221678038963,103.66866231370409,135.16655034348184,86.97762744893495,131.16230390242876
108.96667990864944,106.52726599157758,98.92468543657081,119.4212783295348,,105.16335184742984,91.82609259277332,115.59828765194855,104.79034843499535,95.49308811064127,102.61273556510014,133.91794360128785,92.8067448447044,134.27771450235002
107.20717215864839,105.16955723302483,96.65988847867327,116.4883897163151,,101.24584800500938,89.71461784825223,113.35470089098585,102.62549565510841,91.38775834861025,99.66107353679858,129.54763375946283,92.8067448447044,135.71140788456836
107.24475695863644,104.92967382142002,96.56930879061214,115.24754056628883,,101.67497373699139,91.30461122477597,115.63390779531622,103.29874293427824,91.8339751098622,99.58907170040423,128.29899236719515,92.42325518988605,136.14710861897734
106.78589166783601,104.31308845894777,96.11635549416,114.68354184785608,,100.7613500184451,92.09209964934429,107.51424720827805,101.85607019320004,90.40606552579558,96.94938632194282,129.1730578005675,89.7387911951671,133.966842235727
106.07018416551995,103.53042087632396,96.84107223530506,115.661182934368,,102.92082174200078,91.54506900881529,107.05128044022803,100.87910233696111,89.9598288294682,96.70938646220208,128.92328274451452,89.7387911951671,129.54259264359698
106.33720639025717,103.69158774334642,97.02226208706426,115.58597444366461,,100.24917514562016,92.22284747609095,117.37891443741333,100.7373660676622,88.88886673880506,96.73340585905473,131.10842034039018,92.03982015155347,129.66743407249476
105.97700597877433,103.41378364269731,95.84459814459446,117.1652141631715,,107.11517761630208,90.95595342243324,114.85042766247835,100.30372057706909,87.14856455495742,93.82972627029486,130.48410397551558,95.10771008185736,129.9163003802466
104.79929793275953,102.40348952261759,93.48925197427272,115.36034897155443,,106.53377818421883,90.77110558653489,107.05128044022803,97.0893444697545,84.33735011813526,92.26990563683147,129.6100905172537,90.50575229930854,126.80090274143716
104.1971382023301,101.89249760356842,91.9492205185393,114.3384558777865,,107.25359901172725,91.83961759506126,104.80769367926533,94.89243229562136,82.5077986015146,91.57395676233058,128.51750439427903,90.7357787318671,126.80090274143716
103.73827291152966,101.62268095175415,92.03982458710998,113.16517570576062,,102.71318502834778,94.5176693244662,103.91738028653295,94.3018645068759,86.07763236690745,89.03023626295253,126.23869898675389,90.7357787318671,126.80090274143716
102.17686917469055,100.36387004341974,90.68095860262622,112.48390786886266,,99.62624652260024,93.63400515183817,101.74501343464924,91.1802919092213,82.2400655545021,85.98257804769892,122.9297902016002,88.20479616490319,115.58526386393424
101.42200924593728,99.77414582545124,90.68095860262622,110.78076426135483,,96.8438554170551,90.23008708112773,98.14814651290412,91.98177676537586,85.09592957655508,88.02235456962764,123.58531762033343,89.7387911951671,115.58526386393424
103.04840256953092,100.86389694395008,92.40218600524621,112.59748715466176,,99.30786529978273,92.29047248753058,102.45726686585598,95.48637475744538,,90.83005049458292,123.58531762033343,89.7387911951671,115.58526386393424
103.09851882241429,100.85041910868735,92.31156974642076,112.6352862855416,,93.72924002504689,90.2901992254013,109.68660726760963,92.86931578503332,87.95179858237691,89.70217200217452,127.8307659216872,98.17575475887095,119.01238920274582
103.27313711493264,100.79670469684837,94.3045484034789,110.1752072867439,,99.54318814072684,91.59165615080093,110.4700874004475,92.16063443853876,85.8098943361261,90.4220901809382,124.39693495843333,93.95732304213098,116.20782494722397
103.41565730003491,101.06772655543948,95.93520830829252,110.02379422374887,,97.27298114903712,90.72000704147159,107.83476057306589,91.2224753227031,83.44488669301818,89.39019535233437,122.68004979562089,89.7387911951671,117.76554320829639
103.19169700915991,100.46340594428462,96.02580018660842,109.98592580023679,,97.2037658308093,88.89707795501965,106.16096704749563,91.89740993841221,83.17713869469911,87.71036539664001,122.21180602507609,87.05422707022424,120.25837976381615
104.33495550808493,101.47862329466196,98.19996869542575,111.87834223267271,,96.1240345895467,89.31937290392386,112.8561275646724,92.18425715008858,84.11422678620269,89.99013551673575,126.11382878376422,88.20479616490319,122.43948861933376
102.83932517122496,100.18133241832143,96.56930879061214,111.04568731751677,,93.21705591119148,88.4011366526089,108.29772054856379,90.77533113979584,81.88308815848544,89.46218466558125,124.86518739149655,86.67073741540588,121.81607210266496
102.60519442582623,99.9683022740519,95.66341438796266,110.4779901048389,,87.81838122281751,87.29355036926295,105.05698034242205,91.94296802497259,85.3636576397987,90.20610345647636,129.5164573556779,90.8125148943708,124.61978092480773
100.0767372264253,97.75106052288487,91.67746316897374,107.67724254127612,,87.1400895862458,85.80875554695422,100.24928666315674,90.10883320678309,83.89112338934558,88.79026771108047,128.76723613773993,88.39208519734848,120.81894784934653
100.08770105287145,97.61304465401388,90.95273423757394,108.05575354481618,,89.97785294637319,86.95240543408629,99.28774656879324,90.13245591833291,85.2744182745634,88.59828786032382,128.26776398829972,91.38968371046927,119.88465906605468
100.66088837008525,97.82672072609849,92.31156974642076,107.90433182024208,,89.74253010542907,85.72309413014901,99.3945866212399,88.55310891757361,83.89112338934558,88.52628602392947,128.3613971498755,88.39208519734848,118.70064854163189
102.98106154310264,100.14043415959317,95.75400017115118,111.08352975629174,,91.19601482409145,87.2499646913657,104.05982689724303,91.37939762085549,85.18516894179038,91.09400713543897,133.5120872883866,88.39208519734848,122.81319635598342
103.80561393795793,101.26494722257735,96.56930879061214,112.21897615112168,,90.86379053762836,87.23193749294518,107.12250714185912,91.84172783261621,84.24808085028678,92.00590516495927,129.54763375946283,91.62026541063314,123.99720688040621
102.4955752787603,100.11172188049753,94.66692201186989,109.38037748720491,,87.20930490447361,85.43604920412406,103.70370697419176,91.11786045726821,82.06157685649377,90.85404484514063,129.6100905172537,89.23752108879057,125.86577148587806
103.68972428509542,101.42304199389409,95.11987530832202,110.8564491389048,,87.23699103176475,84.92508216738116,105.62678037036662,92.88618915042606,82.99864999669077,92.98981129244768,136.103029222053,89.1606665905677,126.48920096365866
102.96148532988406,100.79855583144027,93.30808650302306,110.2508661795568,,86.9739820635295,84.32245078565624,106.01852043678555,93.90196574706825,84.33735011813526,93.10978930680997,137.35168793935753,89.39131200996496,127.42431925810595
104.07497804367101,102.05309731446057,94.3045484034789,111.04568731751677,,86.7386499815549,84.0158687222215,104.66524027600312,93.3974521218257,81.0798591148348,93.34976412025577,134.23008012742912,91.0822657175778,126.86289573919652
105.15088595746991,102.98280800102908,93.76103979947518,113.61935426369259,,91.07142725128135,84.83641928648754,106.51709376309901,94.66801653589808,82.77553663229594,94.83760796361975,135.2290071012727,90.6979477127253,129.47975717357033
105.30280234256921,102.77833246172463,93.6704418260319,112.93808642679464,,92.372647510873,85.78921840954443,113.39031424180142,94.81987682443264,82.77553663229594,94.83760796361975,136.25915379149336,90.6979477127253,129.47975717357033
106.3364225770326,103.54873529303106,95.66341438796266,116.1930212098684,,96.66390483069324,87.39423752040028,114.2806276345338,96.50721336370539,87.68406055159556,97.93327366471001,141.56589919929743,91.85082890530175,128.98115616357572
106.15710140516681,103.44435493355333,96.47872300742361,117.06351856379933,,94.35215940703634,86.79010540663117,120.29914127876722,96.45996794060575,88.79961740603204,98.22122465612377,140.75431651127118,91.46653820869214,129.10602351469709
103.7938662982872,101.42119085930219,93.03632305833013,114.07353282162455,,91.14064256950918,84.94161784070255,114.63674755758504,93.65561461233443,85.98839300167216,95.509537441268,137.00833169683924,90.39056613082433,126.61404239255643
104.5385462138189,101.96332122533767,92.31156974642076,116.1930212098684,,93.93687673869988,85.88389342555992,120.3347614221349,93.5459377372817,87.23783382280588,95.29356950152739,135.4787388447336,91.46653820869214,128.0468933025075
102.87064902411429,100.8492139019105,90.68095860262622,113.05161374311956,,92.78793017920945,84.26383937342688,117.91310790709446,90.78714249557073,79.42882619883564,93.4697483961918,135.16655034348184,89.1606665905677,124.61978092480773
103.36162198102865,101.10741173022242,90.68095860262622,113.61935426369259,,92.46954895639195,84.86196855901919,112.57122755070013,90.84113726482747,80.32127467264613,95.62949667090909,137.50777785872418,88.54574868005608,128.29574664914756
104.29031638907571,101.8522452726552,90.77155048094212,114.18709478426561,,92.04042322440993,85.55627349267118,113.81766086648378,89.6127562642369,78.71486143926461,95.24554949254328,140.31726646954817,88.08456707423309,126.3643336125373
104.07028472302144,101.65260631479514,91.4057058194082,113.20304412927268,,93.24474203848261,84.80635861087823,111.85897411949335,88.84164346578926,78.98259947004595,94.11770230800356,140.4109169561608,88.00780360348651,125.43005779035725
106.66374106787477,103.89364499192865,86.8761606646322,115.77667642913238,,94.8089712663095,87.17482681276002,111.431627494811,91.71517759217076,81.43686641346463,96.30144493327855,141.09765542875266,88.00780360348651,128.4826069980283
106.92606041326455,103.82346729797445,85.06435966907847,115.66314911280746,,93.92303367505433,87.23493895703358,108.26210719774825,92.28549734244496,81.92771282487196,96.56543288200328,144.06319930886963,89.92937542225371,129.54259264359698
107.59243547592183,104.40641715105346,86.96671597218379,116.42009316567635,,99.72314796811918,88.34102450833532,109.1880339412962,94.11963216063444,84.7389422130007,98.38920389474896,143.28281034966514,91.54342001515789,130.85058916353844
107.08814725288758,104.02738355831708,86.69498300312777,116.1930212098684,,113.12292862301992,89.55682001692973,111.21794738991768,95.13034674765882,87.46093721966301,100.23700682749477,146.09228163545228,92.23524704037816,130.91345055578867
106.07802229776568,103.02555739434925,86.0608581402986,114.26274501549946,,113.35825146396405,88.06300238846568,110.36324734800085,93.46832025647515,85.6760303045043,97.88526617887338,146.09228163545228,89.1606665905677,129.54259264359698
105.04360869137986,102.06285712620256,84.70200434606963,112.5595927464126,,111.0603583449832,87.41978679293194,111.3604007931799,90.62009617818273,82.06157685649377,95.02956276808146,142.2214439430675,87.93093089976837,128.29574664914756
105.04204106493071,101.6709207315022,84.52082668456521,110.8943002392588,,113.01218411385541,85.84030774766268,112.21510083509673,90.38893107230237,82.73092193344715,94.9335853658506,143.12669444274323,88.16144888069884,128.29574664914756
104.51818618737572,101.41876469141154,82.70898911824717,108.35850171659504,,117.62182265649315,85.73360846140348,116.45299448641751,90.13920526449,82.90941063145547,94.52564383692707,146.56050808096023,88.16144888069884,128.29574664914756
106.24246057706242,103.06282427841,83.97726931954242,111.23494281928681,,117.5249212109742,86.64132117451894,121.97293480433748,91.6746815152282,87.23783382280588,96.54143226987183,146.87265326961995,88.16144888069884,122.56351349818789
105.99658219199296,102.66048214415267,83.88666525097175,111.42420698263587,,114.86710843720869,86.40087259742467,128.062675150202,90.10714587024383,87.23783382280588,95.02956276808146,146.87265326961995,88.16144888069884,122.56351349818789
106.78198216041102,103.2923098276263,84.61142465800849,112.25681858989667,,113.2059870048933,86.67288258217245,118.76780115645917,90.96262549565512,85.89914366889913,94.6696349865683,145.31186668869256,88.85326680317146,122.50150753931672
107.49533822305337,104.12442239677502,84.97376779076257,115.24677834733434,,112.5,87.27852463493082,114.4943077394271,92.09989032312494,86.25612106491577,94.7896130009306,144.71873539012128,88.85326680317146,125.36719639810703
107.78741379488335,104.40399886033127,84.70200434606963,116.0794679088064,,115.06091132824659,89.12700299391439,114.92165436410946,93.38901543912932,87.55016661736057,94.90959727686663,145.15577676932588,89.23752108879057,130.7885961657791
106.70289349431201,103.42967976868222,83.43373633502917,113.99784794407462,,113.2613500184451,91.79604112410907,113.21225428027577,91.44520374588711,85.58677100419354,92.60583280621319,144.18808683689613,89.92937542225371,127.92203891249791
105.75227143337263,102.61410137616495,83.07136882176556,110.81861536170885,,110.65891874029231,92.50086959596058,109.1880339412962,89.48620602379145,84.60506821384116,90.4220901809382,143.34524978241922,89.1606665905677,126.17746030254476
104.79617223855911,101.77408800703462,82.07488254080017,110.32658570342286,,111.28183812228174,91.30762189580942,106.26780709994227,88.8197080907787,83.84649872295907,86.00657865983037,143.1891598630525,89.92937542225371,125.24318448036473
104.7632807592206,102.24781304202304,81.25955563595706,109.11545443104296,,83.44407476215436,91.37073550417139,103.09829359543166,88.76740065806125,84.78356687938721,85.55062338349647,143.59495553832485,89.1606665905677,128.98115616357572
106.49616753567975,103.95688290045535,81.16896375764115,110.36440215746075,,78.91750384242047,92.17776106614951,100.17805996152562,91.12123513034675,85.9437484002102,86.6064937779368,144.62510222854547,90.08301159671842,129.47975717357033
108.52817464429219,105.47115825964046,81.53134346115954,112.6352862855416,,81.56146431150995,95.42388130553744,105.09259369323762,95.42394330549227,90.00445349585469,90.11011353109805,150.2752731790152,92.31213794959153,129.47975717357033
108.47571651043293,105.44977962439613,82.43723176868163,112.1811337123467,,79.94186282910081,95.02412495813142,97.40028652343393,96.58483084451194,90.62916892265271,90.03813047942491,152.95987426181264,93.77240072406896,134.5894292412403
108.00744546093762,104.93087902819687,83.70551806510424,111.53771697580275,,78.69601482409145,95.12481210926876,97.64957318659066,94.6545178435839,87.01473042594877,89.15021427731483,150.7746846908265,94.15669142067856,135.71056541230107
107.69422604943988,104.66832512571764,82.33926478623047,111.3106363584158,,75.44296879562758,95.08123563831657,93.48290623690099,93.8547203239686,88.4426499775531,89.72616635273224,147.49701294708666,93.00388305008313,135.71056541230107
106.88612417360277,103.88388518018668,81.24625606800406,110.4779901048389,,74.57087888853322,94.49061931989033,92.94871955977197,93.68092466042353,87.46093721966301,88.19034006982656,149.68216786799914,93.3880918219641,136.33399489008167
108.92126653511349,105.63659455197698,82.79466222876378,112.59748715466176,,74.62624652260024,96.38118262472695,97.11538650946166,96.60845355606176,88.97813600665353,89.51019841299161,150.7746846908265,93.77240072406896,139.63623991666006
109.17497349373085,105.80872643751826,83.34118182569544,113.35442254595162,,78.61295644221805,96.60510473544488,100.67664008039121,98.44765038386907,88.88886673880506,90.47008514362736,150.7746846908265,92.69641954345352,139.63623991666006
109.73250366384887,106.22082838351758,84.7985084979485,114.52770271797752,,80.14949954275382,96.26245906822402,107.72792052061924,97.40318906605923,90.36144085940909,90.32608773241239,146.1547037431695,92.69641954345352,139.63623991666006
109.80062850350174,106.27761489106231,85.16283864222991,114.79265175887654,,80.01107814732865,96.5164326476062,103.59686692174512,99.47017632666835,94.51136538521344,91.02202408376583,143.90713537705818,92.69641954345352,139.63623991666006
109.84605143573553,106.19332918836729,85.07177134397803,115.43605117226244,,80.16334260639938,96.5344690529718,104.73646697763424,99.21032649962035,93.70816126040711,91.9099215011547,146.1417099655431,92.69641954345352,140.50853570219252
110.08644312823299,106.53823888726488,85.16283864222991,115.13328567732553,,82.91805682568385,96.4818697758643,106.62393381554567,100.02699738462837,93.70816126040711,92.58186976352415,146.1417099655431,92.69641954345352,142.06624100215316
109.94862582247815,106.22752397672232,85.61824217989061,115.01970639152641,,82.93189988932942,99.18847224188929,111.00427407757651,99.76039821142328,93.84202529202892,92.65385907677103,147.48245991614507,98.76857119814187,142.06624100215316
109.93453630183157,106.2493831192437,85.98256622904465,114.79113598254658,,85.49280197654554,100.4884284352447,104.77208032844977,98.0055682105796,92.99418653329835,88.91026451016397,146.71629481218233,97.69247168180726,140.94509186998062
110.05982215469108,106.19002077760729,86.4380246228518,115.05783466240933,,87.56921531822782,100.32010706572268,104.70085362681868,98.1844258837425,93.93128459233967,87.11045027853358,146.20555272628079,99.9214432879707,142.25394382330117
110.84130305698628,106.87831200471811,87.34883779330059,117.2675593809708,,89.02270927792067,101.12112049257892,107.90598048214486,100.30540791360838,95.76078627127173,88.31031808418886,143.81137123595167,100.30578860106607,144.80793090431297
111.04881282884311,107.08069221720788,87.71315574732722,117.72470886050952,,88.16445781395662,101.76282614912341,106.87322047870241,99.69121741331308,96.16240826875033,85.55062338349647,142.08756472092355,99.15287099749911,145.80508107985503
111.04646138916938,107.05197206094377,87.71315574732722,117.11515889796651,,88.92580783240172,101.52237757202916,105.09259369323762,100.03037205770691,96.16240826875033,85.55062338349647,140.61907727373566,99.2297345984696,144.5590775576729
110.65807237769552,106.50298855833402,86.80231210124153,117.34370332220927,,90.80841828304611,100.61616559095789,103.66809362337621,99.41449422087236,94.7791133835325,86.6064937779368,137.7460837403923,99.9214432879707,144.49705863768995
110.68312572478827,106.25438512122606,86.4380246228518,116.35316514452407,,90.5315662511653,101.76883828424528,106.65954716636121,100.19573103855564,95.89467023796898,86.63050065164198,140.2360033842727,100.15207050187271,143.4999343843715
109.78966467705558,105.32435147075006,86.07368228831561,115.28642239454723,,88.66278962313599,101.71172760406012,109.4373206044529,98.72943558592762,94.64523938437297,83.27088457126942,139.69334858052076,99.2297345984696,143.9356610410041
110.49832741904835,106.13508540465449,86.4380246228518,116.42937837839476,,87.43078468177218,101.98674825984135,105.05698034242205,98.58432464355016,94.73447874960827,82.86291799605095,143.01330207665688,99.9214432879707,144.5590775576729
110.44429210004209,105.86648183678552,85.5271809767661,116.92467345197444,,86.36489650415514,100.57257991306065,100.85470004191683,98.05281363367924,95.35919417640628,81.59105461557506,143.42833199656238,99.15287099749911,148.9833271498029
110.35503297941935,105.69160869661457,85.07177134397803,116.6960683966785,,87.1400895862458,101.7793618224448,102.17236685188371,98.55057791276471,95.58231750833885,81.39906850324469,142.69411426052366,100.92065189509192,149.54389523533328
110.44821116616497,105.72782791726797,84.88956970107301,116.77224698423308,,87.81838122281751,103.39640520354439,101.17521340670467,96.80080992153886,94.64523938437297,78.97534480295015,142.3748398192063,100.99755190705292,148.6716124109126
109.58607397132161,104.86659345626286,84.7985084979485,115.51501012668513,,83.72093603506563,102.44511601947674,101.17521340670467,96.61014089260102,93.88665992595315,78.71136311579916,141.41715509554888,99.9214432879707,151.66216862082427
110.14203651499052,105.59360096643404,85.07177134397803,117.41994254081705,,82.6688816800637,102.95757458131878,101.56695347312362,96.28111026744284,92.6372091372817,81.06310376442056,139.50182029830768,99.2297345984696,152.97102057414486
110.01361540923271,105.15077018620917,85.70933385865204,115.78168282181079,,77.42248069179092,102.348931064472,100.21367331234117,94.88568294946427,91.16465495175314,77.87146692267319,143.74751981269554,97.11258114416805,152.5972998763834
109.89615812992106,105.24385468609208,87.16665443577772,115.78168282181079,,76.07973586177785,102.30084319044217,99.50142667368654,95.9487049692061,91.87860974378643,79.19132526583824,143.65173834655218,95.49531417860355,153.34472831079452
112.14194551618688,107.21620314650345,90.35459500682289,119.43915582864936,,78.41916279221063,105.10813280760449,101.67378673301812,98.40715430692651,93.70816126040711,82.83891112234578,143.9709868003143,96.34239766736631,153.28272235192335
111.9038957046653,106.91202628579613,92.08513576408639,117.03896298725387,,77.40864224866061,105.31401851295684,97.47151322506504,98.54720323968616,94.73447874960827,82.83891112234578,143.65173834655218,97.03556279648787,153.28272235192335
112.25470947484897,107.46916265777871,92.44950247913212,117.30563568237955,,79.12514055607346,104.02458585780094,99.00284655482096,100.26659917320511,96.87639296339681,88.31031808418886,143.65173834655218,96.72742568653378,152.65931879636636
112.48962403347227,107.54973821412143,92.996009885809,117.2675593809708,,79.19435587430128,103.82772295860391,100.71225343120676,101.1085801063022,98.12583378453054,89.46218466558125,146.36518561568025,96.72742568653378,151.72504297418632
114.32430138344947,109.21549940027178,94.18007371203254,117.87710934351381,,80.28793017920945,106.10600913365778,104.98575364079097,104.54399730026154,102.18650897756187,91.7419422625295,147.89748117353216,96.41943422054173,153.40673426966563
114.77690572715117,109.64712096975506,95.91063275467819,118.90575846892386,,83.7763082896479,106.65304898113183,108.22649384693268,104.79203577153464,103.97142586025832,92.74983647900189,143.65173834655218,101.2712715282257,148.29789171315116
114.41826338341963,109.32229017330322,94.63549553507539,118.90575846892386,,78.93134690606604,106.69812618412821,115.88319445847294,104.28752214629209,103.83757179617422,94.04569421003548,143.4921574322632,100.116023621266,149.73076854532582
114.27183369089235,109.41537467318612,94.90874009572275,118.7914949183815,,77.60244051918328,107.94548310037615,111.60968745633662,104.28414747321352,103.52521906654408,94.90959727686663,142.94943332836394,98.26774712639912,150.16648224084662
114.40730911567134,109.52281925120108,96.45715235160985,118.29620850638085,,78.95902379232669,109.33109150359172,110.57692066034204,104.02767231924408,101.16017155328525,93.82972627029486,146.84401498373137,99.34593117194052,150.354159139771
114.34544522311721,109.67583324885071,95.09091735811823,119.82013538221253,,81.31229840692028,109.42426578756299,110.04273398321303,104.08841643465789,102.67736037273806,93.03781251671057,146.9078404194322,100.116023621266,151.60017562306493
114.33683283634477,109.53499735366525,94.72658111870943,118.82959720452735,,79.99723508368307,110.30642922814681,106.90883382951795,103.46747658820551,101.29406548752024,90.71004743392568,145.82253081192832,106.66206431746596,155.0273009618765
114.08155825127828,109.3692380974212,93.99788425938229,117.2675593809708,,78.05925237845642,112.61928748188762,109.1880339412962,104.46300514637645,102.4542370408055,90.902058592551,145.24786800262333,106.27704540104612,157.7689908640363
112.8834901788203,108.55156437808928,91.90298897732784,115.78168282181079,,74.47397744301426,112.58622534218992,98.5042732285075,102.08554796254113,101.16017155328525,88.35831930845175,144.57751035235918,102.42639199671864,156.89672100072744
112.23590751615706,108.19632771131941,91.17433478389239,114.94353646555086,,76.3150633232372,113.23245160875712,98.07692660382514,102.04673922213784,101.60641821715038,88.67028343514444,145.95018168333002,102.580428692079,155.58784312518327
113.31886974897711,108.7808057350828,91.2653898918895,114.90539953308891,,76.89645813480519,113.68930942940327,101.46011342067696,101.64515312579094,101.33866025129359,88.5022979349455,144.96057557930376,99.65394994617546,156.70900521846764
112.81145583174246,108.38685278525256,89.8080815050186,113.38147265725725,,75.35991503426945,113.38873950109038,104.27350700213634,99.84982704800473,99.82149136691622,87.56639929329374,145.59905516179114,100.1930601744414,156.89672100072744
113.11057616389573,109.01586044241172,90.44565620994739,112.35284085500525,,77.58859745553771,114.48280078214839,103.84615358490183,100.51632498101746,100.44620679371423,87.18243959178047,145.24786800262333,97.26655412029498,157.33240877402463
113.20924104321335,108.75169172039487,89.17048851470767,113.00048444211505,,78.1561445829449,113.76294657596475,106.12535369668008,99.92744452881126,101.29406548752024,86.8464685913826,146.20555272628079,97.8056461430657,158.26754002958376
113.61955770757955,108.85050292175995,90.53674179358144,113.76248685713652,,86.62790547239038,114.59101000739686,104.3447269112153,98.92347928794398,99.68761736775669,85.67062018257998,145.31174541343472,100.03897796534294,161.8186643250258
114.4347139024378,109.50185022871753,92.08513576408639,114.4101477674044,,92.28958912899961,115.42507636700576,104.70085362681868,98.63831941280688,99.95535539853803,86.63050065164198,146.333255572793,96.80449865069973,162.6289541516871
114.39791291567431,109.78247435568109,92.54058806276616,113.72439323256971,,92.13732466992887,115.36496422273221,102.88461349053834,98.83067577828399,99.28601530535353,86.1745641600293,147.48245991614507,100.88620709806773,163.99982502499063
114.00246958517928,109.56871951191174,91.53865883304641,113.45767722954892,,101.77187518251034,113.89068373167794,104.16666694968968,100.08774150004218,99.82149136691622,89.03023626295253,147.06745598379484,100.03897796534294,164.62237314716856
112.87487779204785,108.68046636303332,91.9940684658345,111.55276213857503,,90.71151683752716,111.82429539709831,101.0327667959946,99.44992828819707,99.15215127373172,89.51019841299161,145.56712511890387,94.80213994673437,164.8720819271877
112.17640462197454,107.6434686418194,90.90106584273548,110.40979749314847,,90.66998764659047,111.89492187262633,101.1396000558891,98.63494473972834,98.70591457740431,88.55029289763466,143.6836770519579,92.41484425107781,164.62237314716856
112.19832271616899,107.49359763439179,92.35841689549807,110.29549929629002,,91.33444546054709,112.93488314453263,100.85470004191683,99.82620433645491,100.40160206240316,89.75017948801116,146.84401498373137,92.95397268483903,167.8626381370994
112.76916815240693,108.28280326685082,93.0870771840609,112.42902810413887,,89.64562865991012,111.35691403825265,97.32905982180283,100.56863241373493,101.7402822487722,89.75017948801116,136.30954366112852,95.80328743910033,168.85978831264146
113.92729998520315,109.31164811869192,93.81573747262374,112.35284085500525,,91.43134690606604,111.91596894902538,99.9287732983689,100.80823420231164,101.7402822487722,91.45397248639455,134.5537984406947,93.95499273873821,169.60717786371714
114.39634528922518,109.35375158419704,94.8176606072161,112.73380308541037,,94.85050045724618,113.53752373320263,102.63532682738162,101.3869906352822,101.07093218804997,93.08007187785722,135.99030386988483,95.49531417860355,168.36117434153502
114.11679161159263,109.28874131276321,94.9998256793568,112.39090849483497,,93.24474203848261,104.44689001365022,99.85755338928992,100.79136083691893,100.40160206240316,92.63424156625503,135.3518589374711,95.88032399227578,167.11519674157648
112.22572750293547,107.63169227494754,92.72275313490687,109.11442370313857,,89.95016681908207,102.46164248585308,98.78917324247978,99.42124356702945,99.28601530535353,90.65275403423804,132.47883941657247,98.57585692811031,167.8626381370994
112.27505994259428,107.65088893452395,92.63166755127283,106.67611991401824,,93.96456286599101,101.99276039496321,99.18091330889871,99.04665485531089,99.28601530535353,90.65275403423804,134.841125514088,98.96091225552068,166.99035531267873
110.65336949834807,105.68789855026228,91.08321872462142,106.86662268316836,,94.43521778890972,102.2452332423012,101.10398670507357,97.3424449506454,96.69788433031303,88.10161356998242,134.5537984406947,97.8056461430657,164.81007596831657
110.31196148685926,105.48470698941948,92.63166755127283,106.29513169887605,,83.2225949848558,101.78687468961087,97.64957318659066,96.44984392137012,96.11779356990155,87.48238775847307,138.19300039059294,97.8056461430657,164.0617921005264
110.64240567190191,105.69716997755873,94.63549553507539,106.21895311132148,,85.1467346264369,101.85600043309468,98.00569990219404,97.5904834219185,97.05487169386741,92.41131701809331,137.58642486343757,98.57585692811031,163.87498359609287
110.56174937935374,105.7256459416001,94.36224487930063,107.47619863044844,,96.31782823955413,101.46376615979979,97.50711978332845,96.64557495992577,99.28601530535353,91.71779137262838,135.28802483925182,98.6527478373237,162.6289541516871
110.57898371159649,105.63893407101442,102.1418460482973,108.73342682641736,,109.68992276716374,102.23772037513514,100.17805996152562,96.29292162321775,92.8156878677523,92.75808297161265,135.99030386988483,97.95971014666893,166.36778126827718
111.78722223857822,106.7372319173099,102.96558422893102,112.46712172870565,,107.54430334828409,103.33328238823736,104.16666694968968,98.51176917236143,93.03880123214714,95.08633019557524,136.30954366112852,102.42639199671864,168.11234691711857
110.97833654951654,105.76783605595845,102.96558422893102,112.88619490683563,,108.30565336672919,102.63747672254115,112.1794874842812,98.21985995106725,94.7791133835325,94.24419235905165,135.3518589374711,100.1930601744414,169.17146416819634
111.84986994435691,106.84257329134172,104.52151177688323,113.76248685713652,,105.71705591119147,102.4511281545986,110.9330473759454,100.32734328861892,96.74250899669956,94.69004145537508,136.9480145810975,100.65513384953195,171.9751729903391
109.1984687730723,104.31825588146815,101.22660781536739,110.7907943698697,,107.53046028463854,100.25698425041566,112.32194088754339,98.73787226862397,94.51136538521344,93.69928516621911,138.06528888156234,103.81261302199023,172.03802142147754
107.86571864775777,103.33893478783673,99.76219860509353,109.76212792130158,,105.16335184742984,98.02828668143584,111.50284740388999,97.06234708512613,91.9678790116349,91.59396249041822,140.55526916307164,103.19660278176326,170.35547469261914
108.04894932704856,103.37175894887693,100.03679018889287,109.83831517043518,,107.83499844381046,99.64232859844701,107.97720718377597,96.78224921960685,92.72643853497928,92.38656501711351,139.34221339646348,103.19660278176326,169.5451848659578
108.06304840639301,103.36926188647,100.4028879201158,107.51426627027816,,108.23643804850136,100.07364635350655,110.64814736197313,96.28617227706066,91.20926965060193,91.64350406182027,142.0556433405547,103.19660278176326,167.48893040044973
107.63237171558362,102.89415834699824,100.6774185526413,104.05725684847233,,110.20210688101915,99.04419941285471,112.57122755070013,96.99822829663376,91.34312371468602,92.28748187430944,139.94873694850833,103.19660278176326,167.61379775157113
106.14144425807109,101.40005641628062,97.65713055543434,103.09695624317521,,110.43742972196327,98.06736095625541,111.7521340670467,94.96161309373154,88.3534106123178,90.62799577168448,138.86333205330186,101.579281199713,166.18093388050826
106.48520370923357,101.54008096311303,96.10120300748214,101.86778290167922,,111.98782512717507,97.26033539427729,113.39031424180142,93.48181894878934,84.91743091100903,87.8786890218207,138.544109587095,98.80684825191744,165.4955114049683
108.6002185500679,103.21503480487506,99.12152148032602,102.67440977185487,,112.62458757281009,100.42079421686,117.2364610341511,95.25183497848646,85.3636576397987,89.0428032414414,141.09796727941568,105.12178839133877,164.62237314716856
108.92440178801179,103.5451826900483,99.94525966095976,103.51948539133751,,114.8947945644998,100.06913495042889,115.63390779531622,94.89918164177845,83.08790431323267,90.28122355659141,140.45950502196513,103.19660278176326,160.759547073948
110.34328533974862,104.93774004193963,101.59272992709984,106.40035256091278,,114.82558848730244,100.38473061307388,114.423081037796,97.14671391208977,85.54215630534475,91.4453565609333,141.41715509554888,101.8103544482488,161.32011515947838
110.11933460757149,104.5976669244864,101.68423607452341,105.20960198398666,,113.59358354593864,99.35979507549972,114.92165436410946,95.73441322871847,83.98035278704316,90.67751855836532,144.13060236467697,102.42639199671864,162.6289541516871
109.54378629198611,103.87783551479698,101.59272992709984,104.01885140706054,,115.00553907366431,100.79650202377859,114.4943077394271,94.90930566101409,82.59703298298102,90.35551712897326,141.8321590278991,103.04251146991714,163.12750331723456
110.40436541907816,104.74076356702452,102.96558422893102,105.0943683365931,,113.82890638688276,102.74417600880037,118.34045453177681,95.40032059394247,83.22176336108562,88.84464321740697,143.55598286796408,102.580428692079,162.25523345392568
110.87575260407606,105.03687420721222,105.52828053774628,103.51948539133751,,112.6522737001012,103.97950865480456,119.9786279139794,97.61748080654687,85.452897005034,92.78284749573994,143.9709868003143,103.11953892034495,162.6289541516871
110.89377074954339,105.06720130584549,104.79607288504565,102.25189794685066,,113.10908555937435,104.95333644037039,120.44159468202942,96.97966759470177,83.26638802747213,93.12961344925927,140.45950502196513,105.42992550129287,160.88438850284575
110.3675548736168,104.5833856180391,104.42999953433227,101.52205597476154,,105.20487179733607,104.48445434948053,123.29059482175222,98.20636125875306,84.78356687938721,92.58469999485298,142.34291843883747,107.2436206579211,160.19897898841762
110.17884706045189,104.4719158069328,103.51474301602019,101.29160600313254,,119.94740190276514,103.85026156010211,120.72650148855384,97.12815321015776,83.98035278704316,90.90044936810077,141.41715509554888,110.17552464141092,162.94065592946563
110.35346535297022,105.13907259102207,103.51474301602019,102.44392515390976,,115.40697867835522,103.36785446692434,120.04985461561049,97.32388424871341,84.51581888106814,92.38656501711351,141.41715509554888,108.7867275385606,161.13325481059766
110.71835908510262,105.45809003713849,102.8740597961253,102.67440977185487,,119.28295332983897,103.86528729443422,120.72650148855384,97.28507550831014,83.44488669301818,91.76733294403043,141.89601911367365,109.55840386597333,157.7689908640363
111.04175850982195,106.11217859872578,105.0706583737176,101.63730694531313,,119.01993512057328,102.82532602252792,121.68802799781307,98.6872521724458,85.14053430786615,92.83238280556824,141.09796727941568,108.7867275385606,157.83098386179566
111.07935286850787,106.23115535138984,104.97912175065711,103.48106262676762,,117.38649057451855,103.00717239433787,123.1125348602266,99.97131527883236,87.32707318804118,94.49189395448812,140.7148847274343,108.7867275385606,157.64414943513853
111.80679845179682,106.86484204662385,105.16215842601382,104.94072058620874,,119.15836575702892,104.72941432965246,125.64102163516155,100.60406648105965,89.20122943597293,96.5971978455678,140.45950502196513,108.01526057434332,158.20470455955711
111.8569147046802,106.84072215674982,104.97912175065711,104.63342508543998,,125.5952424957288,104.83161141977905,125.56979493353046,100.352653336708,88.57652397671264,97.58795413472377,139.82102543947772,108.01526057434332,158.82812107622593
111.14981958913658,106.23792971627937,103.14865747505205,104.13405906971695,,128.12846769668425,105.6040649030702,119.69373469255925,100.08774150004218,87.32707318804118,98.13284880440885,139.50182029830768,108.01526057434332,159.0769614617542
110.69017048511157,105.94988529661123,101.59272992709984,102.98173125736072,,129.1528266833646,105.49285421373334,120.405988123766,100.57369442335273,90.1829322263253,102.04626977389333,138.86333205330186,109.17249288028594,158.82812107622593
112.00412821043206,106.75957156710831,104.2469506687208,104.09564496672613,,131.09080938859125,108.32119090729473,122.50712827401861,100.50957563486038,88.88886673880506,104.02775730591031,139.182580507064,108.09247918247131,158.26754002958376
113.29068114898607,107.69178719325222,106.80961040677172,105.862607088515,,132.3920296481829,108.3647673782469,123.18376156185771,102.01805450097021,90.00445349585469,106.05877388618188,139.50182029830768,111.71864972754565,159.51354355176588
112.43089539381643,106.89331013349674,107.35879357437044,104.90227183690178,,130.09413652920202,108.22050375615737,123.2549882634888,102.9241542225597,93.39578859570152,104.15159871126794,143.1729089785011,113.64747643617234,158.26754002958376
113.04792845811704,107.37526680954275,107.72490349584811,106.32354167808913,,129.4296787152454,108.55863802030056,122.61396153391316,103.39323378047752,93.93128459233967,104.64696433269845,141.57677065991152,111.10139241089365,157.20754142290326
111.98768725011175,106.40022301839389,108.5486233910997,105.44007794035272,,126.43965089604727,107.5472274850143,121.08262141160509,102.93934025141314,92.32484644011384,103.7552974479203,144.2902179290396,109.9441510022034,158.26754002958376
111.17957581557678,105.78517370377452,117.06042002254222,103.17375846441983,,125.48449798656429,106.53131475359545,119.62250799092813,102.86003543406733,89.51359213314079,104.44881057023775,142.75789638363244,111.87301412182063,159.51354355176588
111.04410994949568,105.63772098706907,116.7858589143798,103.5578821711703,,125.27686127291129,106.14358267643316,119.9786279139794,101.94212435670293,86.61310842847016,104.4240523076842,144.67328315598417,111.48707582789035,154.77757922074557
109.81707902251992,104.36165120260337,117.79262767524284,101.98299056433567,,123.65725979050215,105.19980635953156,118.30484797351339,102.84653674175314,87.10394985610861,104.72128295137524,147.76977832701994,111.79581371918788,160.1361305572792
114.51458638176139,108.18858445470734,120.81295833834149,106.09307438330207,,127.36711767823914,108.69238731113565,125.92592844168597,105.54290053151101,87.86255921714161,109.22914642352058,146.20555272628079,110.3298981384335,165.05894227606842
114.27575275701523,108.0176656531114,123.19261797180003,104.67181320369374,,133.70709297142008,108.75551012644267,123.82478829143335,106.82865097443685,91.03077098505588,107.37148777371375,144.54557164695353,108.86393704394098,165.7443388293848
114.83171530068415,108.37136627202841,124.19935016189878,102.7128152132667,,132.8626845711016,110.90455841373912,122.50712827401861,105.49734244495063,91.16465495175314,105.71202045581,147.48245991614507,109.55840386597333,166.36778126827718
114.47308251565045,107.96063495334391,122.91802029287331,102.52078800620758,,137.32004941363815,110.42065058851713,122.29344816912531,104.50181388677973,89.60285143345153,103.63145604256268,150.03627429587368,108.7867275385606,163.25150227386504
114.10191827772147,107.51344022178327,122.18583702068221,101.98299056433567,,134.49612911715633,110.20273140597601,119.94302135571597,103.14350797266513,87.01473042594877,102.81407646859265,150.67471922828742,108.7867275385606,164.49834826831446
114.40495767599761,108.01080463936866,123.28414240460577,102.55918478604038,,132.76578312558266,110.92709701523731,119.80056795245378,103.90449675187716,87.81792458321738,103.2847026121908,150.3554707745253,108.7867275385606,162.00553763501833
115.27413963116426,108.66182898241871,126.57900979535732,101.63730694531313,,135.6589187402923,111.43205191685834,119.40882788603484,104.07154306926516,88.48725470886417,104.37452325942964,148.44013597728411,110.71563617191596,161.3829635906168
115.26866249729011,108.80064832247427,128.1349739140738,103.05853347860534,,140.2131850283478,111.2081298061404,117.20085447588771,103.7661351556568,88.71038800833445,102.21965901222671,148.08897480567157,112.64446288054263,163.25150227386504
115.16138523120006,108.95302426947731,128.04342510075855,103.28900077339239,,143.2032128475459,108.69238731113565,118.44728779167133,104.75153969459208,87.9964132812257,102.19488822652572,147.8017083699072,111.95001426400553,163.37636962498644
115.29136440470916,109.17540461272807,130.88070689824576,104.51815679173033,,140.7668890921094,108.94486936541867,120.72650148855384,104.1559098962288,88.4426499775531,101.94719915423671,147.48245991614507,111.95001426400553,163.99982502499063
115.31407587082604,108.98456445205589,130.14851143579992,103.86519499509713,,134.9390979127839,107.48110320561888,121.43874133465633,104.25546275204589,88.5318893427884,101.30320881860008,146.84401498373137,110.17552464141092,167.80063217822826
115.96478422768972,109.66849172783091,130.14851143579992,104.67181320369374,,135.24363607195585,106.89950969334797,122.43590157238751,104.9422087235299,87.95179858237691,101.50136258106077,146.46097574434205,110.71563617191596,168.23634587374906
116.35944374496017,110.10149180179751,129.14174267493686,104.67181320369374,,137.27852022270145,105.87608409476303,122.93447489870097,104.540622627183,87.37168788688999,100.58493743372907,145.24786800262333,110.94711904409498,168.29919430488746
116.87469579444058,110.60570935595719,129.69087708151648,104.28769815852232,,135.39590977205705,105.62961417560186,125.32050827037374,104.095165780815,87.37168788688999,101.724274606075,145.8863215975555,110.71563617191596,170.35547469261914
117.05088171340807,111.14711502249286,127.03663195938597,106.05466028031121,,142.94020387931064,111.43506258789179,128.20512855346422,104.55749599257571,87.23783382280588,101.17937993638992,148.18476493433334,111.87301412182063,166.11808544936986
117.05165596793476,111.51816116639439,126.94511971683502,106.1314538399768,,203.29457521940054,113.3451630301382,131.73077556613035,103.2143761073146,87.50557185358724,99.07405099901531,145.24786800262333,111.56429443601834,167.4269114804668
117.47137839099587,111.97470609693627,127.0501509519248,107.2069967542465,,224.40476674530166,112.82217172315158,135.43446895521788,101.28575044292585,86.43460976292411,96.07706770001,149.39782936345995,111.87301412182063,165.1209482349396
118.07118668175156,112.5594283129224,121.1494093699662,107.59111179941792,,234.10853257611097,113.26551374845484,135.14957573379772,101.92525099131022,85.2744182745634,97.19165287137614,154.058489497606,111.87301412182063,162.00553763501833
117.61075376450198,112.20451461006007,119.21321901474948,106.9765207978804,,232.1428729846237,113.28805234995303,133.61823561148967,100.12148823082765,81.2137380977632,95.97799081877966,155.46313418405617,111.48707582789035,161.0712358906147
117.30928199267498,111.80249543971024,119.3976209986403,105.44007794035272,,228.73755325605862,113.56757520186687,133.582615468122,100.83691892347927,80.67826701996937,99.71802881150447,153.45197460807952,110.71563617191596,161.3829635906168
118.48855766513893,113.00605588835279,120.04302184713079,107.28384228338625,,228.12845845565377,116.55972186187262,136.39600904958135,101.8324474816502,82.37393456989277,101.17937993638992,156.51653107370961,111.48707582789035,163.56324293497897
117.12134843403676,111.95978673984241,118.75222015014981,105.4016378526248,,241.88814952430872,114.06801870041024,134.40171574432753,100.52476166371382,80.32127467264613,100.18865495510263,153.61159017244213,111.17854729978825,164.81007596831657
118.34134415938709,112.7601149341898,121.51817676698353,105.6321224705699,,241.40366077877488,115.0779285036523,135.79060246337338,100.30372057706909,80.67826701996937,98.33101509001702,154.02661142982922,111.10139241089365,166.92836231491935
118.40633374614163,112.81835084073413,121.70260313138388,105.01753146903239,,255.27409635659436,115.74368270068425,139.49429585246088,99.47017632666835,78.53635280618083,99.4455939998094,153.8669958654666,111.87301412182063,168.54807357375117
118.19256302718608,112.47578066087397,120.50402071173045,104.78706417424533,,251.88261969167485,116.31175121066724,140.5982893500866,98.49320847042942,78.09013106116002,96.67152272581833,154.98425284089456,111.10139241089365,164.9969492783091
118.86128952951707,112.87037953851924,120.78060540218453,105.82418432394513,,250.51219335488585,118.02799021780501,139.74359610072187,98.7058128743778,79.16108318428542,97.43934194366513,157.66577006713538,109.9441510022034,166.8035208860216
119.04921352945743,112.7892368260462,120.22737507000254,107.6679313438206,,257.8488507484865,117.6507724718972,136.93020251926248,98.55057791276471,79.42882619883564,96.86965144198408,158.33612771739953,111.48707582789035,169.29633151931773
119.13143744845472,112.71244231057203,120.87280029900256,107.7063627699695,,259.4130799763134,118.39618515755753,136.28917578968682,97.99544419134396,78.84871051957984,95.55695007759968,157.69770011002265,111.71864972754565,170.2926133003689
119.00693540881977,112.77995752158128,120.04302184713079,107.59111179941792,,262.3338924772837,119.15811510264915,131.90883552765598,97.70184763351051,78.67021683780264,94.86340564741353,157.69770011002265,111.10139241089365,168.17435287598968
119.88002687141142,113.21480873013978,119.76641277616717,108.63682423551388,,271.94075686257406,121.25607405182737,139.8860359188798,96.70800641187884,80.76750638520467,93.25346111619064,157.69770011002265,111.10139241089365,167.61379775157113
118.39301848002175,112.34260925061581,116.17066551720691,107.93968838583592,,259.0254741942376,119.09349155529792,137.25071588405032,94.791192103265,78.62559715518499,90.25646529403787,160.88994209712814,111.10139241089365,168.23634587374906
117.64678049673876,111.96414281400973,114.23448735224497,106.46795618522927,,259.0670033851743,119.55486077902171,125.21367501047922,94.75238336286172,77.28692195258482,90.90044936810077,168.2002413897382,113.33881136685584,167.5509104370973
118.678833104753,112.93168754076927,115.06427799437151,107.51366862132521,,248.97565025435014,120.18305064022334,128.59686861988314,95.66691976714756,76.5283175753207,88.4731377860553,168.1683286718878,111.95001426400553,170.04375995372882
116.50587343748747,111.18615426946077,111.83731032268336,106.0031931777246,,248.2281432995506,118.83951797591574,122.43590157238751,95.53362018054501,75.63586411774133,88.86945157255042,166.44450483182283,111.25570218868283,171.6634841736724
117.21766187368065,112.12151288582666,113.773451916881,106.0031931777246,,254.8311183199363,118.743333020911,122.61396153391316,96.09212857504428,74.69877104246889,90.65275403423804,163.12452534813147,111.48707582789035,174.77886885137005
118.70937314441778,113.53503926020154,117.6458326273144,107.70728955892554,,255.14950878378428,120.1935649714778,124.99999490558591,96.64051295030795,75.01113872340561,91.64350406182027,163.15645539101874,111.17854729978825,173.0343291247523
118.60679875767515,113.36661752101253,116.26286041402494,107.66858962382675,,260.35438982215084,120.40697275094128,124.03846839632666,96.89361343119886,74.11869024959512,93.62497907068979,168.10458986137112,112.10439686377573,171.04088420704727
118.88242381048697,113.65030586651335,116.26286041402494,108.24951306768098,,262.1400895862458,121.15688763273423,123.39744166675102,95.98245169999157,75.4127507533465,91.02429077345839,166.62995202610676,110.52073724245368,171.6634841736724
119.430557780608,113.95811410188819,117.55361334998685,109.02411808018873,,250.84440840031849,123.45772161623132,126.70940857452383,95.33282713237156,73.62783885441893,88.27497150044714,165.8435166290468,110.52073724245368,172.5357540369813
120.57303246630846,114.97404827459683,118.66003744358655,109.79872309269648,,251.5642292278269,126.02756412038781,130.51994880861014,94.40816670885009,73.89557688520027,87.80438918786511,166.1056617614001,111.06174994497388,171.72631964369904
120.70379545304213,115.3166263316255,118.84442723722259,108.79173657643639,,253.23920296481828,124.94251643854004,134.22364219769764,97.7642790854636,80.54439800457868,92.63424156625503,165.31922636434015,112.68471523055348,172.9103042458982
120.9230528645697,115.58482816390215,118.29120909529536,108.9853748371948,,251.3289156279132,125.12586354239421,136.1467223864246,99.29469332658398,84.5604634825301,92.58469999485298,161.87849137390745,112.83933450176202,170.7291953903806
121.46492588759202,116.12994397679009,119.67420568909436,108.44318597475548,,255.6755267202548,124.9635635149391,137.0014292208936,98.59613599932506,81.97232752372075,90.00876996017514,161.94401466321818,112.06652943364344,173.59573968254998
121.8595758461646,116.53502736567714,122.99338044785533,107.93968838583592,,249.7923725273775,125.45949561040482,139.24500918930417,98.78511769172361,84.47120418221935,90.82613074942397,160.40387086367994,112.76203396890538,177.02285206024973
121.56671646111006,116.55736701547556,123.45436712220024,108.09460072675844,,252.09026564635835,124.37594866060124,139.31623589093525,98.21817261452796,83.62336542348878,89.88494107796498,165.15538349098972,111.29357872156278,174.59200850248934
121.72646141975723,116.59947835814917,123.5465498287635,108.13333530817334,,266.27907320596483,124.030301529292,138.8176625646218,96.82949464270649,83.66801002495075,86.34305684770086,165.15538349098972,111.29357872156278,171.6634841736724
122.40849362951023,117.27590656953488,123.8231588997271,108.9853748371948,,260.7558201858113,123.4637337513532,131.23218865471264,96.65232430608285,86.07763236690745,86.68979775492525,163.7790652397651,112.68471523055348,164.49834826831446
122.21038005765041,117.07401474149064,124.00757307387269,108.59809831567799,,255.88317267493827,122.37568460541704,125.67664177852924,95.95714165190246,85.18516894179038,86.0210554183088,164.49996002247752,111.29357872156278,161.56983690060935
121.53696023466986,116.57349945651477,122.2557847025468,108.83047115785129,,256.9075409026491,121.3973362098285,125.1780684522158,96.13262465198684,85.6760303045043,86.68979775492525,164.66385487093845,112.83933450176202,161.25809623949544
121.24253322316616,116.6038344323165,121.33376259283793,109.14029583969635,,251.06589741864752,121.92784038398116,124.92878178905906,95.09997468995192,85.22979360817689,83.1726717872147,166.1384580561291,113.14843650296467,161.9435316761472
122.05455416512612,117.0548180819142,123.17777024149139,109.6825280100308,,253.3914766649195,122.4372974817348,128.0270685919386,94.54146629545262,84.11422678620269,85.07984070055488,165.22090678030042,111.29357872156278,165.4955114049683
121.04364539677962,116.3269204517052,122.2557847025468,108.86917975452913,,251.92414888261158,121.91881757782585,128.24073511172764,93.77710284316207,82.68630723459836,85.79814339329458,163.8445885290758,111.29357872156278,162.06837310504497
121.91204353872172,117.05723637263638,122.2557847025468,109.41140326328454,,250.96899597312859,121.77605468778052,130.41310196361135,93.21353243904497,83.13252897961918,85.97150758533304,162.0750785668764,110.52073724245368,164.62237314716856
121.50485256855595,116.53873751202941,122.53239377351044,109.06285266160363,,250.26301820926574,121.67535832969814,133.65384216975306,92.58921791951404,82.95404028161086,84.83216415141337,164.72939548528598,110.59799226157219,163.06468080831974
122.45078130884572,117.44135073903989,122.71680794765602,109.06285266160363,,263.8565925141739,122.09315108246975,134.82906236900988,93.93571247785371,82.95404028161086,85.32754229599135,165.4830692376906,111.21627818870614,166.2429398393794
122.37873740307002,117.1712111233181,121.8870051152747,109.8761662707892,,263.34441764134897,120.62638345858154,135.8974357232679,94.54821564160973,82.19543092057786,87.01179292274358,166.43338215817465,113.8440593739458,167.61379775157113
122.87518749385853,117.59371880887446,121.24159207652944,110.80568362421947,,262.0155204954967,119.35348647674704,134.9358956289044,95.08478866109846,82.19543092057786,87.01179292274358,167.44920104293257,111.37087925441942,169.04662273929858
122.32549545598621,117.5478185481638,118.93662213404063,110.80568362421947,,252.53322520095546,120.40547201889706,156.44587045774398,94.32548721842572,80.45515365557453,84.21295712462523,167.54750330193545,111.29357872156278,168.7977564315467
122.9581952260804,118.26700403003815,119.95080256980322,111.54151940899621,,244.58749148901094,122.18632536644101,157.90598387842093,92.61621530414241,78.98259947004595,82.35530473639213,168.92378690308644,113.22575524131658,165.7443388293848
121.66146227430481,117.36632858647285,116.90826126251544,110.61202804030302,,234.966784040075,121.15838836477843,146.36751633116327,93.75348013161225,80.32127467264613,87.55670011557612,168.75996135477283,111.29357872156278,169.48319186819845
122.1540028576683,117.81610702929368,116.63164000129704,110.76693171964651,,230.7447420384826,119.48573503553787,149.608256537305,92.20956719817768,79.02720918512588,84.68354569878099,167.41643939827722,111.37087925441942,167.61379775157113
121.62936416688875,117.48651842308225,114.69547402658986,111.15426021063747,,227.93467404667683,117.67933241546228,147.32905642552677,92.8895638235046,79.42882619883564,85.59998336926016,164.49996002247752,110.44342760684943,168.54807357375117
122.3959621766149,117.87555601978335,117.83022242095046,110.72823178454772,,225.7198208275084,116.44701044049155,148.9672433928336,92.95874462161478,77.5100303332108,85.94676184592697,163.8445885290758,111.29357872156278,172.5986024681197
122.82977412032258,118.35936383042127,118.01467316586036,114.67867404044212,,234.44076610360455,116.8677954504065,144.23076962264724,94.34236058381845,80.9906197495995,89.63723948252851,166.95765509784445,111.29357872156278,174.77886885137005
124.32696252493388,119.39813391454233,120.9649951958206,117.27356185523747,,229.88649057451855,118.75084588807707,149.0740766527281,94.80637813211845,82.19543092057786,86.68979775492525,169.31699593909798,111.29357872156278,175.40227240692707
124.76860304218943,119.905494458924,124.92958299332682,112.08377756406776,,239.49335495980893,118.78240729573058,155.23504370022377,93.48013161225006,80.27663505495303,84.5597105549971,168.62888012607775,112.83933450176202,175.21545094138176
124.4146635778053,119.90484853110894,124.74512005816214,111.50280215073936,,239.75637316907466,118.73130875066727,155.80484372816832,92.7410782080486,80.14277600710008,85.64953746380966,168.53057786707487,109.82508706322969,175.58917163914322
121.55732026111303,117.76036818515632,119.3976209986403,111.11551696764354,,244.3244732797452,117.51101104594026,154.20227690422917,89.34446975449252,76.88530493887508,80.3985942516499,165.15538349098972,111.29357872156278,172.84746877587162
123.29646798467091,119.03144384480812,120.9649951958206,112.19994666199635,,243.4247111069054,119.23025151716644,162.35755084208287,91.10098709187547,78.98259947004595,82.23147585418198,170.3983727632403,113.76679525207966,177.02285206024973
121.52991547434655,117.91676936525069,119.21321901474948,111.65774913797799,,234.44076610360455,117.60569526890079,161.8589775157694,89.22973086982199,76.61757189186258,82.54692141587206,170.0707216666131,111.29357872156278,172.28688772922942
120.71554309271286,117.25977412849569,117.55361334998685,111.50280215073936,,226.77187518251034,115.10347777618395,167.27208457379484,89.70893444697545,79.51805061276434,81.12282665471791,176.1329599556895,111.29357872156278,170.66721535373304
121.7836224329639,117.34342178054413,119.21321901474948,115.2983493888693,,226.14895580052087,120.20708997376572,170.33476481841097,90.99637222644056,82.06157685649377,81.63141671987961,175.96911708233907,112.68471523055348,171.352637829273
122.35133261630355,117.5020049363064,120.41181362465767,119.40369532410719,,241.37597465148377,120.24316278449689,178.73931183431716,91.6189994094322,83.84649872295907,82.36889861297375,175.28096661924513,112.68471523055348,174.15630776808035
123.62613791518682,118.73040997432281,123.17777024149139,118.51292987524988,,300.3737627184302,121.41387188314987,181.65953867567106,92.60946595798532,85.31905290848763,84.93737111333161,176.29678550400308,110.52073724245368,173.9065989880612
123.62692172841139,118.38227063634996,122.90117336078255,123.00554367042554,,300.0,122.24793824275879,179.59401866878613,92.77651227537332,86.74697246009198,85.39512346132783,177.6403074604987,111.29357872156278,172.28688772922942
124.12572325887363,118.57989303908012,124.19197505776351,123.70267085852444,,295.88872098963304,121.59420831597056,185.18518568833719,92.7410782080486,85.54215630534475,86.74293346965197,176.6245059007776,113.22575524131658,173.34603090253083
123.89706964734906,118.67467113018542,126.03592175514314,123.12174741467024,,298.38039851759083,120.440034890639,182.3361855486144,91.54138192862567,85.54215630534475,86.74293346965197,176.6245059007776,113.22575524131658,171.41460490480873
124.78739544218345,119.53130532480047,125.9437268583251,126.2975586733198,,297.6328915627913,123.09102740852302,195.65526629623258,92.61284063106386,91.12001035029117,85.44597370164077,174.3306536987611,112.4528955567122,174.1148451714188
125.0974796007829,119.70109769130433,126.40473791317955,128.19531930001622,,299.1002378271602,123.91909083995512,192.27208627193292,94.3389859107399,91.3473798532938,87.20068581764819,174.9532808725443,112.5301141648402,176.100668955383
125.09904722723203,119.63479556424039,124.54719908173249,128.42770080376854,,296.91307073528293,124.67651858891413,192.69943289661524,93.34683202564752,92.07488052909285,85.16625667969032,173.70806117505157,114.77153832975868,177.8935536290303
126.41692401867539,120.78326309656062,128.44800746628724,129.70581206677488,,295.4734290802661,127.09758606790342,194.26637957718674,93.62692989116678,90.80172693571576,85.95458255152367,175.9035764679915,112.73112103796083,183.84836795300302
126.65809952439744,120.74236483783234,130.86281160424485,130.71278125987692,,291.65283592439505,129.47656860103967,211.89458747030892,93.52906437188896,92.4386159156858,86.03087356592742,175.31374558893734,113.92141452328819,185.38550396853043
127.32055552093182,121.44663096261283,131.79156273458622,129.00865023235986,,285.5066450401911,128.8273408703841,197.68517974485408,94.95486374757446,93.75723144861814,88.6247743172286,177.73864436957524,114.77153832975868,187.81912120421688
127.84754565138512,121.84122984025811,131.97733002701116,127.76931685866356,,288.77353413230054,131.29199402727062,198.68233998258526,94.16181557411626,92.25676815746476,88.904516385474,177.67310375522771,113.71339853449405,189.5482890522349
127.37615846638721,121.65973987856715,131.88445247592608,126.49121425723627,,299.57088350904843,130.9688762905145,247.15100325655328,93.55943642959589,92.30222012948231,89.38769698441357,176.6245059007776,117.0730406290217,189.67574862571712
127.92663431748412,121.94907615386536,131.0485788966698,126.6074006783229,,301.3427586915588,132.283858218202,273.3618317122115,92.98574200624314,90.75627496369822,87.07351951663657,180.06522356617344,110.78433460826416,190.89251187966906
127.93212101005614,121.73281637052058,130.11981557607365,127.92421187642802,,317.52491196994373,131.8780989426192,312.6780743956989,91.87209989032313,88.6192348758563,85.03909664025244,178.91830612768362,114.23022523656677,192.42967381742005
129.22962821635844,122.72956176082128,132.53458314326693,130.77127290305555,,323.8787488088312,133.31630662294228,296.43873963651833,92.24162659242387,88.89204638333874,83.38611631273956,179.9341596625152,116.9007529246673,192.36596995290256
129.89052614514156,123.21708759497993,136.24963642565152,132.01934580999145,,336.93244363156236,137.6429631411003,302.1367399159639,92.69552012148823,88.98298022998698,81.63141671987961,180.3929093128743,115.43630288628101,195.4393606283547
129.23980822958004,122.8745095379513,135.97100377239624,132.9163995652234,,328.1146153920082,135.8365605210247,328.52564191825206,92.42048426558677,89.801424719972,79.72415388293336,180.06522356617344,115.43630288628101,196.9119243848737
130.57099072844542,123.85197949699081,140.05754287861163,135.9974877956186,,330.84164348400157,136.63456327684747,325.85470174005485,93.08023285244242,90.43798158158509,80.79222182301211,181.4087628477059,116.29777781904356,197.2959880498549
130.4785963549244,123.69775241539587,139.77895898637544,136.81652670854194,,331.6029935024467,136.53687758979856,320.2991548638715,93.98633257403189,91.84752099362795,83.64041134532042,182.85060438824127,117.15911621059169,195.6313924608453
130.7033309003261,124.11961417313717,138.85018347552455,135.91946429173097,,328.1976737738816,136.3024319408811,311.9301872360202,94.93799038218172,92.07488052909285,84.30160848558455,182.19518091972904,117.58990374208493,198.64111815511535
129.6219362939552,123.47100812080929,139.0359385776947,134.9834680771875,,316.3898177151293,133.664964425285,310.68375392023654,95.21471357462245,90.5743873353263,82.95380473883415,182.03137269645225,114.74710655512523,200.04996508600507
129.24294348247832,123.36880973699947,137.54989776033327,133.18938655146073,,313.09524249572877,132.6685888312759,330.23505558718995,95.08141398801992,90.3015857953816,81.4025499382421,180.32736869852675,117.50380085227205,197.8729778640412
129.17168338992718,123.43817608260062,137.36414265816308,133.6574149742591,,316.6389928607495,131.2453976783399,345.72650318669184,95.17590483421918,91.3473798532938,80.61421780483501,178.42679483266917,115.43630288628101,199.15348386584603
129.99075865090833,124.29553497671549,141.91506951980392,136.58251682793227,,296.49779730797695,132.44015531748033,392.9131130015086,94.55159031468826,91.1200203178289,79.5970001050692,179.0821836511077,115.1778394701327,199.21722661369893
129.07458613705873,123.43575779187843,145.16575942727258,136.03645623966727,,298.08971266309493,130.49248133245854,372.6139513450849,92.18763182316712,90.25612385582635,78.96123121574841,177.6075631408802,116.29777781904356,199.15348386584603
127.6948550117591,121.92552342012162,145.63015937295282,136.11448840513393,,313.1921624233087,130.92981122263996,348.1481567017323,90.28262887032818,91.21095416447713,77.43541718924718,176.1329599556895,118.36522116854884,190.76423575614317
128.45285019341068,123.0423719981785,147.5805513749754,138.80558037819745,,307.2674420753728,130.390293449277,329.736455090668,91.02168227452965,92.25676815746476,80.35991024910669,176.29678550400308,115.4531338666451,190.89251187966906
127.74497126464249,122.42538490011397,146.5588983130394,136.46550755683793,,311.89091444062564,129.10837366128717,337.74927562525954,91.14654517843583,91.2564260715701,81.3771279488725,176.1329599556895,117.09255691993606,191.08454371215964
125.98467970141687,120.67541678295338,141.63646124705818,135.6464686439146,,309.33002159444,129.19854648117004,339.6367628408274,89.08968193706235,88.30093152620545,78.6306451687638,175.31374558893734,115.19426082685354,189.67574862571712
127.05432666811704,121.32095861674401,143.40112252742014,136.34851560890164,,301.4119740097866,129.9409392888519,346.6880296959511,89.23479287943981,88.48280918703965,79.54614360318253,174.0030026021339,115.62572196167125,190.12442343304207
128.6846294991357,122.9946993745607,146.09451055761394,139.11753580848347,,304.8449613835819,132.2087203395963,363.3903176380775,87.09862482072049,85.66374033049165,78.24919635831881,169.97238475753653,117.17882365920624,183.5289024692538
128.63999993882433,122.91782608740176,145.90873107493422,138.3375519553991,,305.82780042035597,133.78518871383213,356.30343063958605,86.58904918586012,85.84559805625041,77.46083917861678,172.56114373656172,115.79833736494025,182.50411920334525
127.33387078705172,121.97754424073824,144.05124100450627,135.8804958476823,,296.8715415443462,132.22074460984007,336.43162919294906,83.97873955960516,84.25421088598652,75.55356381852306,170.62779090101193,116.40229556730782,181.6713807310391
126.26814288647441,120.95483570314008,142.7509430990602,136.50446733930755,,287.43079392280265,131.0440233760652,348.0413234418378,82.9848983379735,82.38996237055159,74.7397971725989,168.10458986137112,116.48864423130665,184.23331297358686
128.13492790256552,122.41360853324208,144.70135948159236,135.4124501017259,,298.1589279813228,131.7984404539908,349.6438766806727,85.06707162743609,85.4818826047329,78.55435415436006,165.8107376593546,116.48864423130665,188.45894648842977
127.3808517870368,121.5593926293492,142.7509430990602,134.1644118411061,,296.2209360350657,131.5038918677448,357.1937440323184,83.23968615540369,83.43576141223265,76.49449050388512,167.1215152962317,115.62572196167125,188.13946804356877
128.34478911409605,122.4440144035601,144.42273901859184,136.50446733930755,,317.31728449732117,133.1885694672291,363.96010408091774,82.82966337636041,82.25357156811695,77.30826967295675,166.53168441717753,115.79833736494025,188.58724853417925
129.34474361469424,123.5602249309704,145.35149014893324,136.4264871433151,,316.7635619514986,135.34813208578,368.19800452479063,83.46410191512697,81.0713518213881,78.91038097543547,168.07181089167892,115.62572196167125,182.12006849947588
127.55312819857927,121.89826054002559,142.2865797241443,134.9054532348789,,321.5808372077894,135.35715489193532,372.79202489171485,80.81160887539019,78.20682102528485,78.09660806793758,166.20398134543984,115.62572196167125,174.05114130690131
124.36297969847278,119.04386613949505,137.64278750167313,130.6153211726496,,309.4130799763134,132.96163668547769,358.44017734810205,81.35324390449675,76.79726167816655,78.70693618316757,167.5147416572801,109.75810904618315,175.07587272836264
124.69500106866242,119.37522710861363,139.31454685044045,129.75723586146637,,300.2491751456202,132.389056772417,354.5228038541212,79.3993081920189,74.61474469946279,77.43541718924718,163.54969907710395,107.94612520610896,171.42549223872422
123.1805783318084,118.24724021433146,136.24963642565152,131.51234028156543,,298.4496138358187,130.71490271113228,361.4316173059828,77.55842402767232,72.34128889034194,73.46828444025225,161.32142213950863,107.85977654211013,168.47952225341888
124.35045780427534,119.059911931681,139.0359385776947,131.3173248297415,,294.712079061821,130.17538493776934,364.6723710972288,79.12427233611744,73.20521027118879,74.76523168511598,161.5508056272066,110.01695477773184,167.45562034311303
125.54303918416132,120.26847438230593,142.00793488063422,133.96941371244026,,293.6046524522368,131.294995491359,376.49573186590663,79.59503923057454,73.4325548553471,72.34934747513935,166.4660918277195,113.89997755262435,174.49977723089088
126.32138483355821,121.19085142502311,145.35149014893324,135.02244518281518,,297.5775193082091,131.80896399219031,389.0669526240546,80.33240529823674,74.47833894572157,72.34934747513935,173.60974159101184,110.70726164409822,180.71123452969795
125.77952136923376,120.2641183081386,143.6797673709302,134.71042912147595,,292.2065399881567,132.304896087656,382.33618554861437,80.07593014426728,73.52349368576421,73.51914094213893,173.67526488032254,113.89997755262435,174.1794433526508
126.45920213931305,120.79132931708021,146.18741248920855,134.00839947964698,,310.46513433131537,133.43352944740099,417.3076945283343,79.69290474985236,73.29614910160589,74.99410472832723,175.28096661924513,115.5394643251487,174.75555181123437
126.39029348643562,120.44811320940498,150.273951595424,132.37035630011644,,306.56146431150995,132.59645241675864,419.58689464011263,76.31654433476757,69.97690920211058,72.47650125300352,171.67638875546206,112.26050898559528,167.45562034311303
126.49444505832525,120.89949859459499,152.59585380178694,132.64336927109088,,305.80011429306484,133.21561947180493,410.39885390626426,76.00438707500211,72.29582695078668,72.19676544633187,171.7091504001174,112.17413301335355,163.22911843377926
127.78490750430429,122.08902192901301,155.10354768108442,133.42340509364942,,311.60022858612973,134.27661861316523,427.6709282912309,76.2844849405214,68.88564822087424,72.98511636446015,171.87302792354149,113.03704618024133,159.643323164261
128.45597588761112,122.80571034848042,156.12515198200134,133.89140753171068,,322.67442075372804,136.0198984179338,433.0840489343607,76.05838184425883,68.20361446839932,72.17133093381479,170.3983727632403,113.03704618024133,160.09110365487152
129.40816557499966,123.34590293107075,155.28927840274505,135.33443525941732,,337.51385230467605,136.15515764775813,435.4344621626657,76.74512781574285,69.34034237295974,73.87518028636181,172.2334753148977,112.17413301335355,155.86461470664955
131.16219619112655,124.71118952569758,157.7040581601931,139.19556797395012,,337.99834105020983,138.29669306788853,447.3290632180789,78.67375348013161,71.65926510540471,77.51170820365093,176.29678550400308,111.31131997668969,165.02202902965016
131.56702616292074,124.7384524057936,158.91145413404453,139.11753580848347,,356.11848627485193,138.71147514962666,462.60681712758316,76.82949464270649,70.15878686294477,75.88416865022887,175.96911708233907,113.64114092382329,160.09110365487152
131.74791496123567,124.89945385227803,159.0043316851296,141.06760371093227,,357.1151868573325,138.9654579359539,453.2051370441544,78.86442250906943,70.47707027752017,76.62164428174928,176.29678550400308,111.31131997668969,161.88402721185423
131.259293443995,124.63802638489089,154.17475997997872,141.4576432761591,,360.57587884047985,138.20201805187304,388.3547127779521,79.08377625917488,71.6137981820806,79.4189773021709,174.49451389714835,110.62102221307093,168.4157924666778
131.6234129216007,124.78862209181831,155.84656808976513,139.39060074893212,,370.87485944392654,138.04271948850632,428.2407419042798,79.99156331730364,73.02332762658573,80.97023836433668,176.10021563607097,112.17413301335355,167.77511174908582
132.2858689181351,125.41795271288501,157.23967040476765,138.22053402272573,,368.78461227962913,136.85998611960963,423.8960082005123,80.41339745212183,73.20521027118879,80.48706402697086,176.52616899170104,113.03704618024133,171.80955590370542
132.49885582386608,125.37923642982463,155.6607886070854,122.46403041115043,,366.2513870786737,134.7439999720109,426.2108284556582,79.97975196152872,72.65957728868621,78.65607968128089,175.4775538122141,112.34672110837968,171.42549223872422
132.76822948827703,125.39383282301098,158.26132346670366,124.84310632287475,,362.6245783317796,136.86298758369804,436.0042757757146,81.96068505863494,74.11458860782204,79.87672965016714,176.75553515436218,112.34672110837968,177.63693657641952
132.52235110320757,125.572825722295,157.33256014610754,124.10207359068097,,346.4285635076882,135.82603698282517,437.108255688236,82.37576984729604,74.61474469946279,81.42799697390664,177.41094129783755,110.62102221307093,179.55814921803992
132.01727906694873,125.36713709904524,161.32624608174737,124.64809953262986,,334.0254741942376,135.69077775300087,433.4045487140442,81.6232177507804,74.52380088527683,81.14825490566126,177.93521423750738,113.03704618024133,175.7803091549193
132.35477757101253,125.47498341265249,157.5183152482777,122.42501865920663,,341.5559529609371,133.40647944282514,441.8447294584223,82.79254197249641,76.56991211023937,82.03831256598916,177.93521423750738,110.01695477773184,175.52366618008492
132.4644062767763,125.50095443711842,158.07554398402394,123.3220637528595,,340.9606827421169,133.05331023740476,460.79059736895925,83.39154644393825,76.56991211023937,82.03831256598916,177.93521423750738,110.01695477773184,175.52366618008492
131.96951425373908,125.20363071298537,158.6328458612988,123.01006501467835,,339.0919245961485,132.59044028163675,479.41593832960405,83.03720577069097,75.84242140197803,80.97023836433668,177.27987739417932,113.03704618024133,179.55814921803992
132.01884669339788,125.19250027392854,158.6328458612988,124.21907420019629,,337.43079392280265,133.89038726804714,469.15956499681056,81.94043702016367,74.8420892836211,78.98667198983922,176.69001186505147,121.66578643097104,176.74049423959588
132.0008381066284,125.02270790742469,157.69862130656614,124.18009709456858,,338.4274575411614,133.41399230999122,478.20512515718815,81.3869906352822,74.06912168449793,78.88494646291839,177.44372026752976,114.15884148966828,176.0360837352628
133.6562038434377,126.05905182365508,160.59470889305905,123.51706188152536,,344.8504912162157,135.8891597981322,482.7279324075855,82.9174048764026,77.02460626232485,79.67329111947295,177.93521423750738,114.33131124897527,179.9422128830211
133.87546125496524,126.30378757104124,163.4908208600615,124.37508656165541,,340.78074139678546,136.24231979660752,491.45299278827946,81.79195140470766,76.43350635649816,79.46984632720505,180.22908376456073,113.89997755262435,180.58291952283668
133.67734768310547,125.93088241537933,160.59470889305905,123.63407981419874,,351.38426940043456,136.00637341564587,515.2421405586888,81.7278326162153,75.70600069693025,80.23275647124252,182.32627947346094,116.48864423130665,181.22360024042862
132.91230774113058,125.17758091683466,159.09993985328296,123.16607737613748,,354.2359035472989,134.73948856893324,506.2321733714703,80.01687336539273,74.02365974494268,79.62242835601255,179.0821836511077,115.71196139269856,176.54844944599347
132.40646145034503,124.78983517576366,156.67097063928378,125.03810445154058,,344.9750972710867,133.84981226118336,478.0270516105583,80.05905677887455,73.88725399120145,81.3771279488725,175.64141401060135,113.03704618024133,172.8980430341315
132.92092012790303,125.01286932399793,158.63282148078926,128.27523102813203,,346.62236639872606,134.15188292154042,546.5811828509524,82.55968953007678,75.70600069693025,84.3778994999883,181.42000679661194,110.87990435561012,174.75555181123437
132.44639769000685,124.42556339675164,159.00648936022375,127.53422428067536,,349.8754309092509,133.81373945045218,544.871796352223,84.15590989622879,77.66117309147567,88.37046676150028,183.23418070377244,113.89997755262435,181.35104685279904
132.293697491683,124.3785367009489,159.47360773271745,128.19720752424442,,355.2048810383666,133.07735877789221,524.8575686725322,84.87134058888046,75.47867106407851,90.27775464474146,182.2262793608482,114.76279058928822,179.30238759880822
132.66095222218698,124.63125202000138,159.38019381042253,126.58689872076275,,358.790142112263,132.43714464644688,517.913080736886,85.38091622374083,74.43287700616632,90.5574841898394,181.92394014303724,114.33131124897527,180.58291952283668
131.9742171330865,123.71694907497228,157.79201084835154,127.05820988201285,,362.41695085915705,130.7179041752207,496.29629981836035,85.87868050282628,77.07007816941784,90.98980202531854,180.74803791792212,111.31131997668969,178.34132115852898
130.0894139715281,121.89826054002559,153.49453157361316,124.85874913459998,,350.78903614573625,129.19253434604818,497.4002797308818,85.89892854129756,81.0713518213881,91.93071618753314,177.38841874995182,111.31131997668969,180.39087472923427
129.65952109394328,121.65046057410223,152.2800286812314,124.89804671865173,,358.3472010397268,128.77925299635424,505.6980070719978,86.96363789757868,80.84401720476751,93.07507514201563,176.98528246783368,107.94612520610896,182.43954694433688
128.89449071066625,121.07994089287861,150.59845617737503,123.28772925359101,,359.60686438529035,130.09272498505254,516.0256206915267,87.02269467645321,81.0713518213881,92.5919008046498,173.02093288913093,103.71802637138809,180.262559722373
129.3870217353319,121.01742768385174,152.37345479378112,124.19107131519755,,378.30841828304614,130.0581621133106,532.6923156604938,85.2223065890492,77.88851767563399,89.97258432555275,172.55057546409225,104.66717896930318,175.7803091549193
128.63921612559977,120.16692192631113,151.81292249899246,124.15179105430386,,374.266354590907,130.6457677607034,526.5669551712616,85.05019826204337,78.84338287066682,89.03167016333816,176.91806132491314,110.27580961202814,173.53873671283523
129.74800596003928,120.70082852845749,153.30767934851377,127.21533958716662,,373.408084644882,131.30400909056928,559.4729577292009,86.72572344554122,83.02653916724013,92.21045825577853,178.5306930785698,103.8904779251998,172.2582307110304
130.2601227566214,121.07808188111824,153.68139598896732,136.48446775333105,,385.32668521279874,130.7780255264393,576.3532648775401,88.07390534042014,84.34513476509703,91.85441891155564,180.88244555368956,101.99216362662204,172.8980430341315
129.7339164393927,120.56144203227166,153.30767934851377,134.12792060865954,,391.36215006989914,130.20393567438938,584.8290657652859,86.77803087825868,82.70825575266471,91.29496608293354,179.40423876083713,103.54537455712858,172.8980430341315
127.67449498531593,119.18752206099497,148.35625385669184,130.63235849859842,,382.1151683752716,127.76334026493537,594.7649393183959,84.522061925251,79.34353397853869,89.69285478045482,174.39837726774988,101.21561732922837,168.73613930602966
128.02529919680174,119.57776486447291,149.66420724213282,129.68971885294016,,392.2480691790934,127.52288248089604,592.770646013142,84.14241120391462,78.02492841314407,88.59933980471153,174.93588653556176,102.3374035359077,168.5441204346509
128.27666427444322,119.71037699576925,154.14851436146105,131.77133015609292,,398.4634753815252,128.5568316176805,591.3817592940962,84.23521471357462,76.84273358525952,86.51406042644072,176.04456761775634,99.31725751691245,167.71136900123292
127.86947330427745,119.46322295766092,151.25242677496814,131.18220419689882,,393.0094191975385,127.27492103663572,601.8518534870958,84.38032565595208,77.25195583025204,87.32782707236488,175.33904014271673,99.31725751691245,170.65736490876188
128.40195012730274,119.65399222381683,152.65372094117544,125.21222817474805,,400.0553722545822,129.3007343643516,601.6381869673069,87.1104361764954,76.29710060275694,91.16780604349564,175.57422751775448,96.05369492359792,177.63693657641952
129.44418274853857,120.43569091471807,157.97888745396045,122.5414562660851,,404.80345067470614,130.9914240989577,607.6210668830684,87.26229646502995,76.61537903356349,91.54924859236692,177.48925046433263,97.00457704356229,175.13960251510375
129.60079245428744,120.48901146813327,161.62235956034138,122.6592797256081,,408.5133178034736,132.18317106706468,605.1637932246603,88.33544250400742,79.75276619106893,91.52383286457105,179.23622055360943,95.96717330739415,178.2776172940115
129.60784677330858,120.36817570370881,158.81968589614343,122.34508960793275,,403.5714364923118,132.1861725311531,594.6225130853422,90.69265164937147,80.75307837435042,91.29496608293354,182.09192370019127,95.96717330739415,179.30238759880822
130.90300253993718,121.50244857843498,161.71581005340065,124.34814905087717,,407.18438369349946,133.45907871993265,572.2934379802971,91.54138192862567,82.61730197094104,93.96515158706474,187.60171853970382,95.96717330739415,180.90327932330035
131.86458842732273,122.53443642049805,163.9579758033195,127.21533958716662,,433.36104410337236,133.55225300390393,592.4857392066177,91.0807390534042,83.39028452137079,96.25387575760345,190.75976090409665,98.82022929093056,185.7058508078823
132.26707651814107,123.62773226481119,163.8645253102603,128.59000147160228,,426.77189366457134,134.68237788874805,582.3361991337187,90.39061840884163,82.98107722768488,94.44832592443056,187.46732822897323,95.70779051373542,183.14394448755814
131.81995886701137,123.41833349520914,162.4631701927791,128.39360882871284,,417.2342261154478,134.211995065814,587.3575253700124,89.9468488990129,81.16230560311179,93.96515158706474,184.44365885027418,95.70779051373542,187.05009955754005
132.17780783882048,124.02668721662377,162.08951450359942,129.72900777541287,,423.10357420880143,133.6123651481775,589.5298922218961,90.77533113979584,82.43542431010684,92.82079263258225,189.0463320861328,93.20048419335183,185.577535801021
132.93031632790004,124.98431458827181,162.08951450359942,128.8256483906483,,418.27243740680416,133.41549304203542,593.2336263662963,90.81582721673837,83.89045556431813,92.54103804118938,187.5681426183172,90.77973590016252,186.21824244083658
133.49098175091638,125.2662305708655,162.9303007555276,129.336205166476,,414.65949020561663,133.16752239083002,591.9871658803042,91.57344132287186,84.25421088598652,92.79535812006517,186.92978431108767,90.34741000432017,189.2279292517712
135.1165912612855,126.45365857846885,164.70534813295276,130.86799675606542,,424.8615878456053,135.7539005683079,591.9515729071451,93.98970724711043,85.93656180551181,92.89706486226478,191.06213477198128,93.37343639828308,196.97653552721752
134.86757762331771,126.12785889029443,164.98563866085664,132.12481785782,,422.8959097720571,135.01300849267025,633.6182288189375,92.96549396777188,87.11875164962748,92.5156035286723,193.8506167756426,90.69333261967792,197.7446628571799
133.8942536549593,124.63189794781644,162.4631701927791,128.7863681297546,,434.42694152201994,135.72233916065437,653.0982901991556,91.30178014004893,86.11840956373284,90.96436125122774,188.30726333978026,89.05061437174565,194.47834603252267
133.2623281393918,124.23092644087393,160.6881471958635,128.59000147160228,,418.1063206430574,133.22613380305938,644.9786364046696,92.13194971737113,87.07325980745907,91.57469562803146,191.93561115410128,89.48293116484038,192.36596995290256
132.91622680725342,123.69218325728322,161.24867949065214,127.45096918305458,,424.26635459090693,133.2772323481227,649.323370108437,91.84341516915549,85.34546688345397,90.15059460530358,192.03642554344526,86.02457887503512,196.9119243848737
132.55210732964775,123.19748132264277,160.59470889305905,127.68663342525868,,425.1661352458077,131.83301253267774,659.6866310415421,91.55656795747912,85.4818826047329,90.91352353406226,188.27361811824633,86.4569138736251,198.51281610936587
133.0141078733465,123.6414464151282,161.34205684218276,128.7078249311253,,433.9839634853618,131.97427469067887,671.7948714465358,90.75002109170674,84.52702239346895,91.54924859236692,186.4594442110858,90.77973590016252,199.02516885898473
132.47223485032418,123.07633047147925,159.28677988812757,130.67162143633405,,432.4474019027651,131.70677610900876,679.8432849542864,90.67577828397873,84.02686131805935,89.41311271220943,186.79537667532023,91.6443421781091,195.18275653685572
131.6735291744841,122.03925397858055,157.60519519401643,130.71087571249066,,428.0315570101348,131.63463969449148,688.6395856217159,88.3118197924576,83.48122335178789,87.63299112997987,183.63735163596425,91.2120071795191,194.73497604624527
132.72672562216607,122.53960384301843,160.59470889305905,131.88919692351107,,449.36325603642587,133.30128088861017,687.3219391894054,89.73086982198599,84.84529584050664,87.7347166569007,191.46525372906257,90.60690203095044,196.59159050663365
132.63824075607008,122.06724155817639,160.78156111815844,133.224569885474,,457.82116462119535,133.45005591377733,644.4088227916208,89.59757023538344,85.3909188554715,87.76015116941778,193.71624378994883,90.60690203095044,194.79867991076273
131.4472270026332,120.96491847878958,158.35254314314017,132.98890564326993,,445.3488415074561,131.6616896990673,617.2008476833356,88.56829494642706,84.29966285800406,86.56490440517992,192.00279764694815,89.82868993074084,194.79867991076273
132.37435378423112,121.57875470946364,159.66049652858115,133.0674575034783,,453.0177139464892,131.09962411726113,644.5156560515153,89.17404876402598,84.8907577800619,87.45496832708157,193.51466698637134,90.77973590016252,195.31107154371702
131.24832961754885,120.47900746416853,157.0446263284635,130.78944489585706,,440.4208217420008,130.1062591942855,651.958717313475,88.44511937906016,84.66342814721017,86.6920769677653,194.05217625418322,90.52036220925142,195.31107154371702
129.62976486750307,119.19075170007018,154.14851436146105,129.65045591520453,,418.4939264251333,128.29233450009878,622.2578212332055,88.26794904243651,83.253863816323,85.4714019525841,192.33876476125621,86.88920335847695,197.8729778640412
129.7041602129525,119.40410480824728,155.26960333154787,129.8861114958296,,399.266336108846,128.6214551650317,601.068373354258,88.66616046570488,82.16261778639328,84.42877478659618,194.75770372922284,90.52036220925142,204.78883270606954
132.53566636932743,122.0102187355774,158.16570310829553,132.59614634222817,,420.8056626077597,130.48196700120408,615.8475539374489,89.42377457183835,82.5263681242928,85.06453115276949,194.28736362922098,90.77973590016252,205.1091795454214
133.3688215922573,122.90589217716035,159.847324373171,134.04938607160926,,416.4590515154181,131.04552410810942,636.3960022570292,89.68193706234709,82.29902852390335,85.8783040602674,196.00077512214799,91.6443421781091,207.3498706319028
133.91226224172877,123.42333549719152,160.5013071610189,135.30619851178483,,449.0033363816413,131.6646911631557,640.0284961146941,91.40470766894457,83.07199113925766,89.87085879863193,198.2181199615003,91.6443421781091,206.83750492117215
132.96634306013684,122.34851161295501,158.53943193900386,135.46333687851762,,445.30733079858027,132.55136600681718,655.0569905312502,92.7714502657555,83.75402987550147,90.6083469532998,198.9572580080002,91.6443421781091,204.9162404351045
134.80493947623688,124.0087036409927,161.52897001855598,136.05241952981658,,446.9545999262196,134.9588992765735,653.7036967853636,94.44528811271408,83.43576141223265,90.12515383121277,198.52049382938495,91.6443421781091,209.27108327352323
135.71405767106532,123.99112180095389,163.11714079037222,137.15217155747058,,456.94907009358576,133.57028020232445,650.9971636340073,93.40757614106133,82.79918461554409,92.13415471822731,196.53831904003357,91.6443421781091,209.7197451197364
136.60281583945059,124.21697597550263,163.77109919771058,137.30930126262436,,461.65560084071194,151.99801756059043,653.1338831723147,93.4413228718468,81.57151788056657,90.92083705218633,198.62127356865525,91.6443421781091,206.96578104469802
136.6153472923459,124.15688105719794,163.4908208600615,137.4270987374103,,491.4036607787749,150.77922058790762,614.6723880786091,94.62077111279845,85.84559805625041,92.065809640895,201.5777737795443,89.56936175356786,207.60648768451358
137.3991796343148,124.76555774252009,164.42508198555845,135.81676394919154,,446.4562865991012,151.33527403459198,610.8974136474734,95.26702100733992,84.34513476509703,93.39293767116794,202.24969068312362,88.61829757865092,208.11885339524423
136.75002934520245,124.32731935151683,163.67767308516088,132.59614634222817,,457.1428729846237,155.00368922288413,585.8262124179129,93.5459377372817,83.34481261427781,91.2070848955438,201.74572268662465,88.18600809379909,204.9162404351045
137.19557936988298,125.10070762967571,165.9198144545702,132.4390252986534,,458.49945625776706,154.1230265143445,616.6310340702868,92.59596726567113,82.93559036928532,91.2070848955438,201.2418066652362,89.39635493215084,205.55697299714367
137.79853247223485,125.5933142375015,164.42508198555845,140.33355221143538,,454.0836113651368,152.56759600956272,604.2022938856095,91.37602294777693,84.07231329007688,91.25913735801412,198.48691790799833,89.39635493215084,206.71003238657812
137.98176315152563,125.58242011349896,164.14480364790936,139.7051200066105,,434.6622551219335,152.5375353339534,579.9857587352051,92.9266852273686,90.43798158158509,91.88366046090442,198.08374697580652,89.82868993074084,206.96578104469802
138.75228022737465,126.48115777361917,164.51849590785338,139.50878799477428,,453.07308620107153,155.72954635724457,585.7193791580183,92.02564751539694,89.57408511958255,91.44128027643094,199.29322512230826,91.29858341220864,206.5180005540875
138.07573471019364,125.98436051216405,162.9212190157247,139.58733985498264,,440.39313561470965,154.85490499077187,567.0227979106381,91.4080823420231,90.71081302414296,91.12902185577266,200.87222897946785,88.79127709182507,207.79853247811596
137.54560932684208,125.39544764254859,160.7602159820579,139.07670512494371,,446.4009143445189,154.87895353125933,569.5869048289408,91.54813127478275,92.25676815746476,93.02863931118681,200.670686825964,89.74228665025623,211.0002511215412
137.94496216476213,125.95846825938285,158.69316324189586,139.54802494777286,,455.80011429306484,154.34694862506245,577.5284850767969,91.13810849573947,90.3015857953816,96.02115810811809,201.30897583304625,89.82868993074084,204.46847290560584
138.43750274812564,126.14859159772371,159.72670180223164,141.15833375125453,,467.33114604302773,154.20718719910553,623.9316147587758,91.85353918839112,91.93847477535164,98.62335544461996,201.04024718669552,90.77973590016252,201.77911997291127
138.0491041779539,125.98000443799673,160.57232758530313,143.90764885854682,,472.7297930083103,153.51738446158615,629.665235181589,90.83270058213111,92.07488052909285,98.44118747990818,199.49481925092257,92.33599625112441,201.3950433468183
138.6379582009613,127.01780563039522,158.8811003996697,149.95616807932691,,464.60411795103437,153.7022322974845,538.3191028234127,90.07846114907619,92.8023812048919,100.1065970312877,199.59558166515606,92.0766498684562,194.79867991076273
136.8103256113074,125.7844852392497,155.49860945763848,147.28542215540102,,452.46402836478853,151.47803692463728,497.7564268241416,88.99181641778453,90.9381426569947,96.87988285346928,194.85850079353,91.6443421781091,196.27209910066085
138.64735440095833,127.13799546700464,158.31734987762204,148.3852001677921,,463.5935927869691,152.6923317011875,491.27491924164957,88.16164684046232,89.3012736121001,95.6308241245412,191.16293183628846,90.77973590016252,193.5181609478461
138.74758690672508,127.3099619320079,158.69316324189586,147.63886654923297,,467.76026253397924,151.87479180795492,515.3133808454241,88.79439804268962,91.3473798532938,96.15126734878581,194.72409315776255,90.86627572186154,197.8729778640412
138.41870078943376,127.04837692125123,157.09589854002195,146.73553314920548,,461.97397282249904,152.0536275087314,490.740752942177,87.41078208048594,88.89204638333874,93.13271292825877,194.89207671491658,91.5579388976245,194.67122033728052
139.53924782224186,127.62075561423521,160.66626568855312,149.8776075575395,,464.1196292055006,155.16298778625082,493.9458594198467,88.12958744621615,90.66533114951227,92.45614362447189,194.6905345614128,91.5579388976245,196.52784775878075
140.21423527167158,128.06108933205314,160.57232758530313,149.32777052081815,,474.2109823363247,155.57776066104392,490.02851309607445,90.19151269720746,92.98426883326383,93.36692083229339,196.43750465068956,89.91525706068273,197.8729778640412
140.2854953642227,128.86609656447536,159.53878902496734,146.10717023701284,,473.10357420880143,155.02471788539304,432.9772156744661,91.63418543828567,97.48569857687484,94.32970667156906,197.1766080471158,89.05061437174565,202.73931801869963
139.99889692626687,128.79358722865223,158.50528703539587,145.39482465456106,,466.9019925879542,154.070427237237,449.0384497168083,89.48451868725216,95.98522531818374,92.63829906603618,196.874251504268,89.39635493215084,197.8084056050328
140.6237681228132,129.14011174708745,160.57232758530313,148.0067064874101,,482.419715775474,155.4034363633451,434.8290555764578,88.90238758120307,95.03037507445751,91.12902185577266,196.53831904003357,90.08808182714719,192.75004657899555
141.32146703835983,129.58197363558975,159.82068866650073,148.67941668422802,,481.5199351205733,155.07581643045637,432.2649486581551,89.09305661014089,93.9845810165453,91.935706661801,194.5225683292956,89.05061437174565,194.99071174325334
141.14292967971863,129.64465226515463,159.16297566069352,148.95643130471356,,484.82837188568027,157.18580885682334,430.34186846942816,88.18695688855142,92.57504160450246,90.1662047086283,194.35455012206788,82.99868902228663,193.19784003071783
141.1640735193864,129.64674759196927,158.50528703539587,147.80884137608587,,491.69438359739274,159.06133722038277,429.13105529701215,86.80840293596557,86.75498636042138,87.27776579034273,193.9178205935263,84.64124342076158,195.95176522242076
141.5148777308722,129.8446141869222,160.00857706325547,148.798149609549,,501.7857367282169,159.76767563122357,452.0655369882652,87.5069602632245,86.2548352525495,89.09930142126453,195.12726408995437,87.1485588438928,197.4243030567162
141.40369095735713,129.75653168902167,160.4783651015436,150.89560294074465,,506.3676614204721,159.23866298217,453.2763501606812,88.55479625411287,86.9368739887933,93.34087268555015,194.95926320776348,88.01318332733462,198.19244334779037
141.01921145330826,129.13026528649223,160.29040356326024,152.16194311785142,,503.7652393833497,158.4707301089016,442.2008493814736,86.46756095503248,78.93432668485278,92.14387894223987,191.49891627563335,87.0817537790512,190.57220392365258
140.56895854928024,128.3708353508731,155.59259632190756,151.6079312000384,,502.4086561102063,158.28738300504745,515.3133808454241,84.95570741584409,79.61635046978999,91.28514793531494,188.10565188612912,87.0817537790512,187.88281210762258
140.3857278699895,128.17038504466,156.15634684395522,154.10106278440836,,493.1755359612852,159.02677434864086,494.8361728125792,84.73129165612082,79.38900090186281,92.24796508245929,186.4594442110858,87.94830804499016,187.56247822938252
139.7765138205389,127.61978672251264,157.28382350754103,150.38108782330102,,495.65338890765844,158.9005287180268,500.284886428868,85.69644815658482,80.16197846852371,92.71636210580732,186.4594442110858,88.38145318811902,188.07486986233678
141.34730419867716,129.2224675435058,156.90802233352196,151.80579631136263,,490.6423107603298,160.7835883626424,489.17379267650125,85.95967265671138,78.34321182771949,92.5342191873905,188.44161900043719,90.2010833362007,186.92265294516963
141.60414641019278,129.26546112904873,155.59259632190756,153.19086941379038,,492.3449891066733,162.02643387581267,504.2735273797927,86.33257403189066,79.34353397853869,92.48216046334645,188.64319580401468,90.11449800076355,185.64212102114118
141.1538935061648,128.84278802295438,155.31073325113852,150.8164361084253,,502.63014512853533,163.00627379650038,506.37465394494103,86.04235214713574,78.66150022606375,92.16990204268815,188.13926245758938,87.51503546339448,190.25271251767975
139.55647259578677,127.7974089944818,154.1832322070432,148.83775034886673,,503.84829776522315,161.89867830620938,497.3290394441465,84.48156584830845,76.29710060275694,90.2963264724435,185.98908678604715,85.08875269964737,188.20315894697447
139.03026627855803,126.95771071209052,153.99529504926934,147.29434358180023,,516.7912850429117,160.7971041579853,525.1780684522158,84.57268202142917,76.6608609081942,89.90597370414541,186.39224039320212,84.39569680349734,184.80940847105865
139.01616719921358,127.08621096144228,155.87445939267664,145.1969248969207,,510.7558201858113,159.41900862193577,525.8190680115829,84.45288112714081,78.29772995308878,88.89113540239941,183.771724621658,83.61578248948132,181.35104685279904
139.8947549130751,128.12844699969287,158.41132455163634,145.9884199885338,,507.0736761484568,161.25096972148808,526.851861977786,84.83928119463428,78.84338287066682,89.48962288169395,187.33292059320578,85.26209632272663,185.25718896166913
139.46094296936744,128.05334607544106,156.90802233352196,144.52411942273346,,518.9230429160848,160.78207842365316,542.9487433337044,84.51868725217244,76.38803943317404,89.17737072260941,190.1550304933642,88.38145318811902,184.55276549622425
141.78268376883398,130.414409168646,147.04249790998082,144.76160259653352,,520.8195241534662,163.01978959184325,526.9942882108397,85.31679743524846,76.56991211023937,89.43757041922363,186.62741044320305,90.98089751999282,183.33597632004876
141.70045984983668,130.5040277143994,143.7540669737473,143.45565301852997,,521.5116403716225,163.24071944541782,501.13960684844125,85.74875558930228,78.43415065813659,91.36321097508608,189.28151946117055,92.80054587356975,184.36073366373367
142.38327587281424,130.84328948349957,144.88151925682357,145.63229050520306,,520.030451043608,165.40479346704643,510.1139810625005,86.36800809921539,76.8882054923525,89.6457802691049,189.415927096938,92.36728239472171,182.6315917379393
143.14048724124126,131.43592037663578,142.3446784783734,144.91993626117227,,526.8272659191535,167.58089175891874,511.2179609750219,86.65485531089175,77.57023426105857,89.93200932774116,186.86258049320395,96.0429172704064,182.37579123537216
144.23910662115708,132.9303531484294,144.03591785426158,148.16495353625854,,521.7746400988273,167.9355616963833,553.7749302795468,86.42706487808994,76.93366743190776,90.32233078817058,187.06417462181827,96.4815058566168,180.32627654800228
144.19055799472284,132.91849013270428,143.7540669737473,147.57141017176,,508.7209452760961,168.07683306132947,538.1766222499418,86.50468235889647,76.9791443227696,92.37808058470075,186.9969881289714,103.32287609685832,180.90327932330035
144.16471127570765,133.1272350973228,143.56610543546392,147.57141017176,,508.0149675122333,166.73330039702188,542.8775030469691,86.90964312832195,77.66117309147567,92.92454064781991,187.97127890043535,111.39217058112123,186.60231906692957
143.45292283951443,132.61955158903362,145.0694198438331,147.0569123774744,,502.2425393464595,167.28334170858435,534.5441827326939,84.94220872352992,76.16069983278459,90.5825617926535,182.99899332873468,107.18212249494661,179.11035576631764
143.40515802630478,132.85057318610276,145.72712065938552,146.06751752822095,,502.63014512853533,166.0630347969123,532.6210753737585,86.02210410866448,75.02398189576188,88.63091692106397,181.92394014303724,106.1296537114542,179.62185308255744
143.04495761482195,132.48847550559015,146.3847970944284,142.98076462514115,,497.74363607195585,167.9145330338744,523.5042749266455,86.01029275288955,75.5696098944956,88.70897996083511,179.10184756791566,103.49832245463963,179.23778941757624
143.91492338321316,133.3422030250375,144.50569370229496,144.08885775339948,,469.96125420744124,171.15162126016196,531.908835527656,85.09238167552519,73.47801679490236,86.52311466206349,179.84095096434189,99.98985953914246,180.0068369864767
143.8843833435484,132.79209308733567,146.00899592040935,141.51653335197304,,472.0238152444474,171.5078011366158,538.7464358629907,85.34042014679828,73.61443251618131,87.12163971080045,182.59583972157972,103.41054465926322,179.30238759880822
143.93449959643178,132.64705866135242,148.82769976962857,140.60632265819703,,466.5697960245827,169.85618567682923,525.3917349720048,83.22281279001096,71.38644861415344,84.02502225050227,179.33700029287976,102.35806677302317,175.45996231556742
144.26651140792356,132.58487629340152,150.98870280329538,142.6246004954943,,459.7729811490371,169.8471628706739,518.9458747030891,83.85387665569898,72.61411534913094,83.92092984870911,181.1512088501139,96.65683387867894,176.100668955383
142.45218452569168,131.1401327003556,151.36454054807874,138.42975446415616,,466.2375624970891,168.7651258598596,496.225059531625,83.39998312663461,71.70472704495997,83.3744635240162,179.74018855010837,93.67471003652568,178.2776172940115
143.9932282360876,132.07516835281396,154.0892941037932,141.59570884587146,,467.82945937014614,172.73562091545392,574.3233785991271,83.86568801147389,71.38644861415344,83.3224298462671,182.05829580369416,91.30653921363547,182.50411920334525
144.73712433839472,132.94695821957717,156.90802233352196,145.47390487109016,,457.33667587566157,172.61839809099519,584.5085659856024,84.54399730026154,72.93239876370636,84.44136681137998,181.1512088501139,92.62227766402378,181.15902798142025
144.5421460194332,132.42322104193357,157.18983664327195,145.9884199885338,,459.1362371854631,173.76053803913797,608.8675273690604,83.85387665569898,70.88629252251269,85.43020705897263,181.42000679661194,91.30653921363547,176.80505353749246
143.97912915674314,132.75837880625764,155.21674638686943,143.97019412071072,,456.86601171171236,172.9054338100751,605.4487000311847,82.98658567451278,70.5225372008443,84.54544669002567,178.06035297856798,89.46458912837004,174.75555181123437
144.37849155336104,132.40248833450428,154.1832322070432,143.1390723050428,,455.02493969303515,174.88466920275036,629.2022548284347,81.90669028937822,69.74956461795226,80.87635232773378,180.7144619965355,88.1489690137009,172.8980430341315
144.46148972688505,132.07096982201617,155.49860945763848,142.18930417984416,,461.97397282249904,175.08304204093665,635.8974289307158,83.18569138614697,72.02301544330425,82.77595099842672,182.29348317873192,87.71038953023815,179.9422128830211
143.17728822800478,130.6513937822516,154.37115717456226,142.7037846509717,,538.0952609777897,174.34365069734324,646.3675231237154,81.53378891419894,70.3406595400101,80.48602460573062,179.40423876083713,87.71038953023815,177.82896840891013
140.18839811135425,128.0844057507426,148.73378604688813,145.6718046287305,,534.4407661036045,168.8928630155728,621.7948952204682,80.63275120222728,68.65830363671594,81.31872625063352,177.32124958214177,87.184177895361,175.01130046935427
139.5047982751521,127.75183169767868,147.6062362417737,142.58506904880878,,527.7270465740543,165.49645781202844,604.0598133121388,80.48764025984983,68.70376557627121,80.98045099110067,174.19680046417238,84.20206315595537,173.53873671283523
140.36144877742342,128.48327405370196,147.70019872553323,143.5348285124284,,563.0814179141443,168.76963726293727,635.2564293713486,80.72386737534801,68.43095905255763,82.6198186573107,177.38841874995182,85.07906737617122,174.81926863686368
138.92846614634215,126.95255116673863,144.5274289265481,145.07823527949486,,554.2912758018812,166.35158045498144,624.0384480186702,80.24466379819455,67.29423114799721,86.13278694006034,179.6393741607644,82.53556853121887,173.53873671283523
140.49377939060625,127.83838602489486,144.4327106469929,145.8696870632128,,560.1744484768194,170.63013989216458,651.139589867061,79.71652746140218,66.83953699591171,84.57146352890022,179.10184756791566,83.23708998266291,170.84939674125246
139.5854450090024,126.63038285323174,141.6861365352419,149.74792639632665,,566.6251682791649,177.48005177249345,646.0470233440319,80.38302539441491,66.83953699591171,86.00267769939262,179.06825432149222,85.07906737617122,172.83430028627856
136.39844132049205,124.00039322825035,137.80299182984746,144.36591568178017,,559.7729811490372,170.33559130591863,630.7336221209513,77.86720661435923,62.974669097682664,83.60865890490335,173.55845948197967,80.6059316780533,166.62286890969506
137.44067394172788,124.58471370864417,140.83373297051884,143.85144387223164,,561.8909514047475,171.04642270594692,636.5028355169238,79.2440732304058,64.0659250951501,85.0138437133737,176.1789406034501,85.60533362753414,168.92817113852027
137.1619136360178,124.54430383436141,139.50779895929358,141.75398187945697,,559.8283534036193,171.80385966185102,621.153841320684,78.67037880705307,62.8837252834967,87.17366712697583,171.17313108547333,82.7108874505334,166.55915208406577
138.86817943893502,126.06317158276812,140.64432079191795,143.1786037517283,,564.6594902056166,174.3226036209442,635.2564293713486,80.55007171180291,64.61155309388384,89.15134762216111,177.0524862857174,84.1142671550837,170.97769878700194
140.71538824180755,127.39853281435396,141.78085481479712,144.68248773368833,,595.2104108710004,176.94954759834076,664.2806242382577,81.11701678899857,65.70281407512016,88.60488129746821,174.53276757848047,83.76347456974497,168.4157924666778
140.93620372108637,127.46072305947334,140.5496147026175,145.63229050520306,,595.8471917986964,176.2717691310651,699.9999932074479,80.50451362524255,66.43030478338149,87.53797174853068,172.38259190693822,82.0091839441368,165.8547545408445
142.49525601825178,129.01733819921785,141.6861365352419,147.09647847047603,,600.761386982567,178.86416865060988,700.213659727237,81.77339070277567,68.02174179133398,89.7498601477506,175.8093975677554,82.44775432485194,169.63259460396515
142.4568874050391,128.76866386759363,142.0649852729532,148.28370378473758,,593.7569446343989,178.339667404634,695.5840735573621,81.35830591411457,68.02174179133398,89.671784584832,174.700699160524,81.13215241567806,164.89370106167706
143.28456549409484,129.282074077365,142.8226583678663,148.83775034886673,,604.3051003834659,180.3249241393762,710.9330677536018,80.67662195224837,66.43030478338149,89.30747370170339,173.0545261355544,84.90361191564229,159.45039701505596
143.973652022869,130.30486926381636,144.33800455769244,148.87728179555225,,602.865458728449,180.76074409056835,705.9472801500502,81.33130852948621,66.29390899717798,90.66061857085089,173.32330675701556,82.272298864323,160.09110365487152
144.14044174183945,130.11136662019925,145.75868122898248,149.19627042800934,,604.7203922928327,181.9750296601735,725.4273415302682,78.62988273011052,64.15686392556721,89.95803242818945,174.23035906052215,80.43043070378621,156.44073612634492
143.19999969412166,129.386690751897,144.4327106469929,149.55511964715498,,592.7879301792094,180.69161834708453,689.6011393011836,79.55960516324981,64.56608617055973,90.86879711286349,177.48925046433263,79.60767885943301,160.3477207074823
144.06370451541417,130.1341946544432,144.6221593963581,150.51203357505202,,602.0902841284193,180.95760698976537,747.7564166353134,79.79245760566945,64.38421349349439,89.82792318752175,174.700699160524,80.75373299128849,159.00260356333368
143.7872860906799,129.89276731781706,143.58034365303413,151.42901762362823,,598.3250447450695,180.9095283226806,746.438770203003,79.94600523074327,64.33873161886369,90.06213109155635,177.0524862857174,80.22472681288957,163.29283525940855
144.67682807228977,130.7303623962252,143.76978021214458,150.27280076228823,,618.7707876980445,182.21998964034543,775.1068179766522,79.96794060575382,65.93016862681618,87.61604104987556,176.91806132491314,79.51948233766569,164.253888738576
144.48184975332825,130.50870675247424,143.48564975398847,149.67473605353686,,627.1179887377714,183.34561232905696,883.1908855905314,78.82561376866616,64.47514734014263,84.59749289092225,174.39837726774988,78.46160652208226,163.16453321365907
144.48498500622654,130.6599483872167,144.5274289265481,149.39564265408453,,621.2486036802958,183.37115239464353,900.9971534451789,78.62819539357125,62.29263534520773,84.62352225294428,176.71651917140932,77.5799781060714,161.75569924388114
145.19990869531802,131.25878648911214,145.75868122898248,150.95060396757486,,626.0105436461262,183.22689797949906,899.358952892768,80.3290306251582,63.838580510991804,85.89860408232066,183.0006738573077,80.22472681288957,166.62286890969506
145.60395485388767,131.6545118018495,145.75868122898248,152.74476344751287,,616.874343424785,182.69188240226873,871.8304780047993,79.46342698051126,61.79247426979813,85.8725684587249,180.0657779673522,80.04835197485019,165.91847136647382
146.72842095281865,131.96481709963132,148.03170051372172,151.94734383584435,,627.76855728293,183.08411667556362,899.7863402727631,78.61132202817852,60.428396797310526,82.88003713864614,178.27029777493686,77.50668278217107,164.253888738576
146.98056028498684,132.46259112997745,148.41053706117827,152.1068381520729,,623.6296106273329,183.2870009168276,900.78348692539,79.46173964397198,61.06496362646134,82.6198186573107,180.41104862644076,81.13012250295702,171.61752407121483
147.05964895108585,132.71127333877016,147.93699442442127,151.11009828380338,,620.667231971304,182.5626353075663,876.8162656083508,78.02919092212942,60.564802551051734,79.49717809656424,179.54782866612723,79.5393081219994,170.84939674125246
146.99152411143302,132.43669100002782,146.89517868109735,150.79109232818826,,609.011631130592,182.07871827539924,850.5697898391164,76.82949464270649,59.155278090315456,78.17005632786503,179.23708680545118,76.09258914366266,162.3326760969556
146.2444927562276,131.89278827108518,144.90630204476895,151.58851193985677,,605.5924868204423,180.33843993471908,834.7934626032986,77.1079051716865,59.60996227486323,76.89498702163611,177.78687727212443,77.86023350004105,166.3671202515752
146.28912231653896,131.80268921805475,145.85338731828293,152.58526913128435,,604.3466480564634,181.43701261885477,860.00714440633,77.38462836412722,60.564802551051734,78.35221176942932,177.30347409434884,78.655613382277,164.573367183437
144.57737937974758,129.93785623017465,143.76978021214458,151.07018572764065,,595.3211553801649,178.69584728108785,846.830462721557,76.6793216907112,59.246206953194836,76.24442829515004,175.0246080491948,78.21368408768713,165.21408678436435
144.16941415505508,129.58923638492476,142.8226583678663,150.3126786721349,,587.610772232256,176.25225040754543,822.5427416248342,75.87277482493884,58.10947406486554,76.14034215493062,172.81476495079212,77.77180030683542,159.51499519628794
145.55540622745343,131.05365714482417,144.716841105149,151.70809369992253,,585.1606054131738,179.15271430867904,833.2620953107821,76.12924997890829,57.15461883737045,76.27045765717207,174.5066933980435,77.1530774478153,159.57869906080543
146.60626079415954,131.77131445601418,146.70575431224165,157.68874078743627,,581.7414241389023,182.0321311334136,854.8432832561484,77.87058128743777,58.97338547817468,77.57156258699675,179.27159827882687,77.24151974376858,165.34236290789025
145.7073226125527,130.85159989624194,146.61106041319601,156.57233254331072,,581.5199351205732,180.22723845232727,839.8860291263278,78.57420062431451,60.65575134900656,77.05111936275213,181.79216591286874,77.50668278217107,167.07155667813186
146.5874683941655,131.7298490411556,147.2740396090634,160.79866341441698,,587.3062248320534,179.9131343147814,836.5740893887632,79.77389690373745,63.61123592683349,77.75371176698731,181.61953924584287,81.39519451388324,172.83430028627856
146.15757551658072,131.5017341192542,146.51635432389557,160.1208428859723,,562.001695913912,177.7911360320608,815.1353276764506,79.94769256728254,63.74764666434357,79.18492593747969,183.06973145413278,82.89767583185915,174.94758364372495
145.4465613349142,131.29137433509806,145.75868122898248,161.4764319733875,,524.5016681908206,174.01752228955363,784.0811921907115,80.98034252931747,65.56641330514779,79.57525992105658,184.20916447670982,83.95818234150705,175.26793048307684
146.08709923725414,132.0269285730659,145.19039593216075,160.83848935478946,,513.344417641349,174.1362550530016,785.0427458701793,81.29587446216148,65.83920986132364,80.19978302394689,184.93430389344687,80.5114906714132,172.2582307110304
145.06444282923692,131.22926286166344,144.4327106469929,158.64563739217525,,515.3377818421883,170.1161713913333,758.4045843749429,80.9347844427571,65.47546949096184,79.28899955455164,184.3818431188462,84.84199541694862,172.0661988785398
144.78880821772725,131.1908695425106,144.4327106469929,156.93119908561442,,504.12515903813437,168.02227270492494,738.3191164085168,83.77119716527461,70.79534372455785,80.95442162907864,188.1799762941521,85.10710383886536,175.90772984506611
145.46066041425865,131.66539804868358,146.32691776478512,160.67902968487704,,496.77465858088823,168.48260154385736,756.3034034693775,83.97536488652662,71.20456596955037,80.69419688616948,188.93959253419118,85.72564464293289,178.21391342949397
146.61330555448288,132.75111605692263,147.74757005556563,163.4301723853443,,487.3062248320535,167.57396813623626,742.3432959921837,85.06707162743609,71.7501939682841,81.76110017353325,189.59560505395578,88.37694732804317,180.262559722373
147.64536772119496,133.35567298313177,154.56667667080242,165.14459336874708,,504.8311368019973,170.63980718447385,772.6851916318203,84.82240782924154,71.88661467333189,81.60496783241724,192.18524760985957,87.4932616910684,180.83864225873296
148.06664821200732,133.68147267130615,155.89263506253724,164.86548264613666,,502.325597728333,170.59167327571873,820.1210609395853,87.23698641694085,70.74987680123374,84.64952030709763,195.77620799469022,90.93998066940514,181.22360024042862
147.89985849303687,133.67784917380712,155.22964367641507,163.50985891240538,,490.9883688694079,171.4160447221832,802.7065331513563,86.74259681093393,74.66340123485831,85.63837933941149,191.28751617617033,91.02836834887263,179.30238759880822
146.0455953711432,132.38854574630145,152.76720002282016,158.96457405515815,,466.9296787152455,163.41298138742403,755.8048301430641,86.19252509913102,74.85733463256865,84.51942985115112,192.0126209428337,89.96774350350556,180.51917677498375
144.47558880622952,131.04277089799012,150.96773556509265,158.6855153020219,,467.8848316247284,161.91166009873896,739.0313562546194,88.0030372057707,79.80256899330261,86.75731630452438,194.9129880343767,90.14456437617869,181.35104685279904
145.01745227055397,131.12560720168554,152.48309394517358,158.76525379855713,,482.9595767755901,166.95117354483773,767.3077183022668,87.11549818611321,77.52387524310824,86.549156547233,192.66865078763516,89.34917539119513,183.7209213406326
146.60078366028543,132.58591607964038,150.02060153055962,161.35685021332168,,488.69049423248805,169.73119219074286,772.5427110583496,86.36632076267612,76.84512579431309,85.82052225782832,194.04976807406317,89.34917539119513,181.28733002716973
143.53905626593675,130.4325581648151,148.03170051372172,156.93119908561442,,463.3582791870555,162.75407715751408,727.1723753425738,86.26845524339831,76.02093003506181,85.35212523448028,194.63674032203951,85.54898761971707,179.55814921803992
142.17733372740656,129.27529971247546,148.03170051372172,156.33316902317918,,452.25636392804415,159.64010420052136,725.7122483367926,87.51708428246013,78.49354223165993,85.79451168052749,197.50263059028046,85.19550062108047,178.46966208761387
143.34564557342438,130.4569222469119,148.69466751933436,156.21350064732312,,458.9978065490074,160.2177663472532,705.4487068237368,87.05981608031722,77.2329876059649,85.24804535583459,195.77620799469022,84.40010253334928,179.30238759880822
144.3142762211332,131.17739170724786,150.02060153055962,158.48616039910476,,451.64730609176115,161.3971760089845,690.5626929806514,85.13287775246773,74.27553942320651,82.78354628736892,193.49730729946248,82.36740437153993,175.5882643613169
145.82791514476264,132.48645895046025,152.19893910650796,161.07775681386934,,458.76245598497184,167.44459214430302,709.0812006814017,86.39331814730447,76.50574110237778,83.15813241299888,196.6393933049301,83.95818234150705,176.16435985878869
146.02680297114918,132.35489448257124,151.53597210089532,159.52279550037898,,478.59914110166386,161.29486843551723,705.5555400836313,87.93048173458196,79.4147071816508,84.6832388816679,197.84790124936904,86.1675648347751,175.9723280262981
147.17789004362209,133.20854323033385,152.48309394517358,159.44305700384376,,516.1960148240914,160.9067588736076,778.6324785744226,87.70269130178015,77.37843890018986,82.16815255898622,195.9833461350918,84.84199541694862,174.81926863686368
146.85213917922903,133.1059509881002,153.71428529633414,158.2469622326571,,489.34109974176863,158.5389351578798,740.7051497801896,87.01594533029613,77.76630071184168,81.04440044367007,194.63674032203951,84.40010253334928,175.71572393479912
147.1042785113972,133.1059509881002,154.56667667080242,158.92471346846955,,476.28740491903744,158.00338557783616,740.2421694270354,87.4327174554965,78.20263964320999,82.38219819558978,193.70449741497458,85.54898761971707,173.8590965132989
145.91326475796038,131.97514406750355,149.45237718501176,159.1241030177028,,445.8471917986963,155.30160755102074,711.7165478864397,86.72741078208048,77.71782359212517,81.1246675573964,193.25564036064836,85.54898761971707,169.69631142959443
146.3854453148807,132.6791660000613,151.251853832994,162.9516894366587,,434.9529409764295,155.59344929542013,706.9444268026771,86.7021007339914,80.28739999569402,79.17146981552025,191.90899989752242,84.40010253334928,170.97769878700194
147.0823508585049,133.37793386124542,152.67251831402925,161.5163618527083,,442.7879301792094,158.7675988453018,736.8945823758949,87.46983885936051,80.9176822923104,79.67983446402744,193.359226755886,84.84199541694862,172.83430028627856
147.52242374931132,133.74471057983286,154.15196420356068,161.07775681386934,,445.7918195441141,158.45469161061325,740.3490026869298,87.1104361764954,80.28739999569402,79.06444073564475,191.77088470387224,84.2232634551809,175.39625845104993
147.30239208325702,133.19661719726093,151.7657096422721,158.2469622326571,,471.5531880446202,158.83679824434606,751.1040036864539,89.39508985067071,85.81443953332786,80.80359284091733,196.01787493350434,83.95818234150705,175.21418075242494
147.5780266947667,133.339067911984,150.23851452481045,157.21024051559263,,476.716521409989,158.80068860583467,771.403138172669,90.18138867797182,85.18416222048035,80.5627852381646,197.9860164430192,84.8685208235365,174.13865473380307
146.25153751655088,132.29424028530474,148.5204200176661,155.73508699126975,,451.53656158259673,154.98870031633223,738.1766358350461,90.74495908208893,88.43250302415095,79.78685728232922,201.64603442467492,85.54898761971707,172.59314584005017
147.07295465850788,133.24217873972708,147.5659230692526,157.1703972520621,,443.7153969614013,153.43021310579167,717.058428242834,91.20560195731039,90.08091447772894,80.18819911253463,199.5052662481342,89.14595655040091,172.25690867762637
146.87093157922305,133.5037795048207,150.90668676920947,158.0475207139497,,445.26578312558263,153.74311113353514,636.0042621906102,90.14089260102928,86.6871173960645,78.8503950990412,196.81205462202965,87.5905063439779,171.7191391877595
147.09409849817564,133.76487613113187,150.52485141907974,157.64884555443157,,454.80345067470614,156.06882228257476,649.0740562750718,89.59757023538344,85.6689732877963,78.18148369993386,195.56903520421497,87.39605344914942,165.60308863294293
148.5169011160353,134.6693483699027,151.1929992829692,159.36330118415046,,478.1976737738816,159.43552588136706,657.656690422712,91.20560195731039,87.4143788509582,81.87383354708258,197.70978605571887,86.61833289731172,167.3501168930271
148.57953926311615,134.83042071090344,151.38389867265192,162.29439685051128,,480.53709608379916,160.38927331976475,677.2079920896655,90.95925082257656,87.07497422394745,82.0076120699598,197.08828500932995,85.54898761971707,167.28326347834118
147.88106609304285,134.0119513975554,150.3339276488875,161.57169201954156,,487.0985603953091,158.45169014652484,678.8461383016595,91.81304311144858,88.67492350911552,83.9875655164114,200.26489981321012,87.88214927523012,169.63586080413978
146.49663208839578,132.66360071515237,149.76127824085847,159.00195743024463,,476.4534847186623,156.44488916035056,671.6167978999059,90.87319665907366,87.4143788509582,83.21164382214977,198.12413163666938,87.78490462232062,167.61947471854134
147.0455498717414,133.02254752827452,150.42941391449315,159.925403016776,,484.33002159444004,156.64046308723968,682.1937253528,91.07567704378638,87.317394708912,81.33870693242622,194.32599846136347,88.95147634732953,168.29189719894174
147.6109086154073,133.1882989073501,151.9566090319548,159.60424898956185,,504.5681370747925,159.1165973046116,698.3261996818777,90.02446637981946,86.97801998451443,78.8503950990412,186.45355369856185,87.78490462232062,165.66995500874066
146.65167416769552,132.078791850313,150.52485141907974,159.3231461037749,,514.4933734418698,159.39039343670032,695.5128332706267,88.35906521555724,83.87512549129993,77.21826581207038,184.3818431188462,86.81280399763547,166.2755111133433
147.84191366660562,133.35931223496775,151.86114714685868,162.01332861104046,,540.6976830149121,162.14934659231628,710.2920138538177,88.08402935965577,84.65083914706584,77.29853292579672,184.6580561811097,85.54898761971707,167.7541536312985
148.19115025164228,133.44013198353326,151.86114714685868,161.009590186916,,542.3588136882579,163.99064353415582,729.629649000982,89.10149329283725,85.7174653588194,78.50256467798667,188.24901656594037,85.84059413997878,169.7027660632729
148.82072432753603,133.94983204695234,152.91113036087788,161.08977908556074,,556.9629316392923,166.2892678508394,738.2478761217815,88.79777271576816,85.81443953332786,78.28851277980938,186.00464466912513,85.74335858981689,167.68635405545086
149.71183393559502,134.508260274565,154.2474260886568,161.37088197134767,,552.0625980011282,170.2757645769418,753.4187967713913,88.03172192693833,84.79629542505967,77.83365327887934,182.79351839186927,84.47966965036528,162.0411547702562
149.54504421662455,134.1668953014817,155.67918370153185,160.64817714037795,,555.4263700566955,168.99106429154492,748.7179703147812,88.82139542731798,85.81443953332786,77.83365327887934,183.69121517548484,88.07651114258235,162.57893722123484
150.34766895858752,134.6957211299609,157.8745388731377,161.97319085382296,,574.7508433364408,168.50966996232336,748.7179703147812,88.1447734750696,83.87512549129993,78.50256467798667,185.76294308023736,85.25737199670772,160.62941751143413
150.62486163784848,134.8443790534432,156.92005411497897,164.3822877984596,,578.3914766649195,168.4525132474129,739.9216696473517,86.45743693579685,80.9176822923104,76.14801884433139,185.93558707230008,85.16013644654585,154.8495652357059
150.73449034361224,135.05781881047352,156.92005411497897,163.78001356230044,,584.2469632125666,166.65933180043837,728.9885951011978,87.07668944570995,80.23892287597751,77.9674380633303,184.41631994214825,84.28669140065253,155.52200067721807
150.67732933040557,134.88608078335605,157.96993980695999,161.77243277510323,,578.0315939742567,163.95453389564443,729.8433155207711,87.79549481144015,81.93581144927201,77.19151010749495,186.79882435765043,83.40968718043666,154.91644457261543
150.96236014191226,135.0086022618344,160.2607934344263,161.8928980162299,,585.8388970497456,163.8702903483779,726.4601354964714,87.45971484012486,80.48133339340437,77.37880630109679,184.69258497952222,83.31222406158409,156.59751373472815
151.94743174994142,135.80377091082988,159.21085898142618,165.46642299912543,,592.9540469429562,166.65030899428302,736.8233420891595,86.99738462836413,79.12380459320086,77.00422017546683,182.10294242361846,82.82498128930224,157.9415032621498
152.65060779936218,136.51496894386943,163.02883458482555,166.5505062303171,,595.4180753077447,167.38141408732568,741.3461493395567,89.64650299502236,85.7174653588194,78.582831791713,184.10559540650902,84.9687602804156,159.28545390623609
152.79391179768902,136.6667777347422,162.26524921634947,165.70731883506267,,585.6727802859988,169.12344174756655,731.1609619530815,91.57681599595038,87.60829729736194,79.2784863722483,187.69655579133968,87.50215507550092,159.89010273301244
152.75632699770094,136.68952699730136,162.3607111014456,165.06492416484406,,592.8709885610829,168.6510702245003,720.4416082671337,92.13532439044968,90.51725340909725,78.77012798531486,188.00729765201572,88.47664972281223,161.16718700130096
152.21602160112778,135.86645741756328,161.31071569717164,164.06111644808738,,595.2380969982916,168.13658613474584,728.1695219952007,92.97561798700751,91.53538754982772,79.30524833839748,184.07104928305966,90.42547516797755,162.8473488855874
151.61072661780005,135.31682010997,158.0654138823109,165.54673315987657,,592.068127833762,166.00644891259535,735.11395559043,92.47785370792204,92.0687006557045,76.52259870838762,182.03386750175653,89.64593406661427,160.62941751143413
151.73758009710872,135.35932531106744,158.7335495559456,166.6308163910682,,595.5980166530762,163.75597691855702,799.8931667401055,92.17919514047077,90.85663810103256,76.04098976445587,181.8957696331432,89.25616351593263,157.9415032621498
152.06724046892677,135.58098883198687,160.2607934344263,167.35357319151208,,614.1334537870852,163.37387028482422,825.0356082564015,91.62237408251076,88.82036981957162,76.12125687818221,182.44824773278071,87.89192562618257,155.72353300466114
153.24102944881872,136.37251822914635,160.64256783328216,167.23309062722737,,621.0963854263775,166.49084470590532,808.8318936405885,93.14603897747405,92.11718275918987,77.19151010749495,186.31538652980117,89.25616351593263,158.34458087814772
153.70224617929287,136.69888507345104,159.11536052556576,167.35357319151208,,609.330040076501,167.390436893481,817.6281943080179,92.19269383278494,90.66271965462882,76.97745194774392,186.59165156717518,89.64593406661427,157.40372081117118
153.6818861528497,136.61967226725469,161.119865068508,168.59829406736404,,608.4163978758937,169.9749000263871,844.8005764431439,91.47051379397621,88.72339564506316,77.88716468803024,186.79882435765043,87.79458084304915,155.25264285170383
152.6928954786977,135.6587522391836,161.97887575131588,167.63464143098295,,604.042100656261,169.87561233089835,827.9914552411232,91.59031468826457,85.52354691241565,76.81691772029124,186.45355369856185,88.18436049647842,154.7826729376846
153.44071064712767,136.05705338601268,164.174218732667,168.7588624193921,,614.9086653512368,174.09677567259956,843.6253562438872,90.14764194718636,83.82663342027683,76.68314545898775,184.41631994214825,86.8201044012331,154.58112764912974
153.25982184881275,135.88460641373237,164.174218732667,167.51419351301433,,608.5410039307648,173.29947264460105,839.0313630471715,90.28262887032818,83.97208969827066,78.50256467798667,182.65542052325597,86.23551684581784,153.50558866939605
153.5526812338673,135.93065634064405,164.93784067190734,169.64222221818014,,611.9601482409144,173.67255647217854,851.3532699719542,89.693748418122,83.39030445644624,77.75339242672675,182.75900691849358,84.18923738454758,156.32818183143752
153.4955202206606,135.72706304420896,164.55599313152285,167.43388335226322,,609.9114117854928,173.08285164131289,854.9145235428839,89.71230912005399,83.82663342027683,78.23500763223223,181.61953924584287,84.77380673446757,157.40372081117118
154.52052806835158,136.77140228644268,164.2696806177631,168.11645042601543,,654.9003706022861,175.30625521688523,853.7037103704679,89.7173711296718,83.34181736919201,79.33200404297293,178.85723537283954,85.35852172834961,156.32818183143752
154.62232820056747,136.9340973241495,164.36513031260444,168.23693299030015,,646.0963299801947,175.20547599629734,817.0583806949692,89.47776934109508,83.00242769348785,81.44573601230174,176.44027145907216,83.70197640677047,155.92509125432778
155.4695825028418,137.67634715532208,165.31962726101798,167.83539950970265,,653.8621223468078,175.92604834419538,816.4173811356019,90.90525605331983,84.94174173551578,83.05111585627083,177.30347409434884,84.18923738454758,155.05111052426076
154.8595941988645,137.32103959403594,165.31962726101798,168.59829406736404,,637.6245968138405,175.17989910293053,792.9487331448763,90.78208048595292,83.97208969827066,82.40895390016522,178.47745324037527,85.74829227903126,155.11888417788478
153.768019579272,136.37251822914635,163.3151714790948,167.75505470263542,,616.0714457333423,171.82221831029355,780.1638458669391,90.50029528389437,84.02056183421833,82.4357158663144,178.54651083720034,84.28669140065253,154.3795693994631
153.84398255117057,136.44068724513915,165.1287278713353,167.39371094872962,,607.0736761484568,171.82521977438196,781.552732585985,92.11676368851768,87.80222571130342,82.40895390016522,179.9621742470777,87.6970904159537,154.3795693994631
154.07027516432356,136.67251231339284,166.75139706414782,168.9997582553293,,609.0254926762985,174.25623996097727,776.8162588157986,92.44241964059732,88.43250302415095,82.16815255898622,180.72182513719045,89.15870039708005,156.6644060327495
154.81652270630443,137.5727781441974,167.5149702423691,169.20056830352323,,626.4950693557819,175.9681609108836,807.3361736616482,94.05888804522063,92.60201376158128,82.56950065076536,183.0006738573077,88.86640206799862,159.95788934774825
154.51740237415115,137.61520457361004,167.4195327377825,170.44525453305903,,621.6639325537847,175.94109249241762,781.9800656255632,94.44697544925336,93.37772741734717,83.10461474227425,185.07236711198652,89.06123727822748,156.39507412945883
155.16654310456565,138.24049420724847,169.90126137442195,176.9900649090071,,615.2270373330239,175.30325375279685,773.3618385047637,94.01332995866025,93.62013793477402,85.40564916677864,182.13747122203102,88.18436049647842,154.91644457261543
153.33029812813933,136.9386975905396,169.32852663460955,178.79690494064263,,608.1949088575647,172.61650146031354,767.0939974420608,93.8800303720577,94.83222042452142,84.22837311916413,181.27425126171747,88.57412194441243,154.58112764912974
154.90422375917586,137.93382028413419,169.13762724492685,179.43929961086124,,614.8532930966545,179.0400213011881,783.5470258912388,96.20011811355775,99.48656216434316,84.14810600543781,181.79216591286874,91.49726908468413,160.29319331012215
154.54480716091763,137.54301820169442,168.94676442600846,180.04160849333653,,625.6229378640504,177.35214889176922,785.3988386230219,97.24795410444614,101.52282047826637,84.44243127891517,185.76294308023736,92.56910851512886,154.24489048670594
155.3200271161141,138.04157994888823,170.09211200308562,180.00145341296096,,596.7469724535971,178.93773214161092,781.9800656255632,97.83683455665232,102.05615351921861,85.27187690547515,188.11088404725334,92.56910851512886,157.73994501248316
155.59252647472545,137.8245324486958,169.7103497944845,180.16205641130514,,592.3311275609667,179.31079755529828,792.3433265586683,96.88686408504175,98.17753540270049,84.89728451827146,184.20916447670982,92.08198407856618,154.58112764912974
155.66847988792617,137.80170441445185,170.28306015378737,178.27492354207652,,588.8427494505283,178.51951586936673,796.0825993358106,97.82839787395596,98.46841805607498,86.52940754366853,187.1441296668127,92.86151607718183,154.17714275530554
154.9136199591729,136.80770027878086,168.18311810625855,178.6764223763579,,583.9701019396554,177.21676997165918,796.1894869361222,97.56348603729013,99.34110588634934,86.63643036197031,186.45355369856185,93.7383928589309,155.65575935103712
154.95825907818212,136.98531467358157,168.3740418764508,176.54837634803403,,587.8460858321696,177.69214295881383,800.6410538997843,97.35256896988105,97.69269443277136,87.81368762486362,186.93692222626376,93.25126842236821,154.7826729376846
154.25664109651265,136.41680367031938,167.70585744179704,176.2271703513457,,587.3200494136381,176.1908032562387,801.3176464323104,96.37897578672067,95.1231030778959,88.0812509321918,185.1414593588853,93.83586508053111,154.98421822623945
154.26603729650964,136.16070116882213,167.8500681557144,174.9824321523357,,601.2735618553919,176.7353756424376,815.242160936345,95.97232768075592,96.23823132821029,86.2083390887632,181.93029843155574,94.42059827990839,154.24489048670594
151.18083374021523,133.60323663400084,163.62017165341544,173.29610933130098,,585.1606054131738,171.97566125660438,795.2279332566545,94.2023116510588,92.60201376158128,87.0912836013266,180.41104862644076,93.05631487642019,151.22076499722147
150.7485894229567,133.03915259942227,161.6013923221387,172.09147424319238,,588.8704355778194,170.31185580156307,830.7336357060557,94.32717455496498,92.11718275918987,85.0043010749995,177.3380028927614,91.39978776033631,153.37092271775072
151.83232591030347,133.65146065941195,163.62017165341544,174.13926208023932,,585.1329192858827,172.44201143760372,849.4302169534358,95.53024550746646,94.78372835349833,85.99428092901216,180.61822141691601,92.56910851512886,154.8495652357059
150.3617584792341,132.5237337116895,162.17817422653442,172.97485136513848,,585.3405467585053,170.0109912510084,849.3233836935411,94.83168818020754,95.5109798408543,84.60297176794157,176.44027145907216,93.83586508053111,151.89229316090734
150.36410991890784,132.63560525838807,163.2356422569818,171.60966524815987,,595.6533889076584,170.40333600764396,886.5028253280956,95.31257909390027,98.46841805607498,85.08456818872584,177.51066420986095,92.56910851512886,150.27899765241864
149.52859369760637,132.0300715632879,161.69750029073757,173.57712560129764,,622.4667932811055,169.49650716125393,898.8247865932954,94.80806546865772,97.69269443277136,84.54945409721695,181.79216591286874,92.37428240764763,148.19571926879888
151.25286808729308,133.52764732530352,164.293171238703,173.45667768332905,,617.1788538608656,171.12420297778382,883.6538659436854,93.77035349700498,93.62013793477402,84.57620980179239,182.48275920615643,91.78955831101796,150.5483295557093
151.67023907068045,133.65711646637783,165.06220565106076,173.45667768332905,,625.0553907366432,170.85642818776202,923.504302096854,95.52518349784864,97.64421232928598,85.19159726860136,186.45355369856185,94.42059827990839,148.86815471031105
151.42200924593726,133.5809600015502,165.4467472377492,174.74151899324042,,617.9540654250171,169.30697299032184,925.7834478682153,95.23664894963301,95.36552356286047,85.64645050795765,189.7682490460185,95.00519493807128,148.8012494511779
152.4376208936312,134.3170971499853,167.46556313979028,176.9900649090071,,625.0415661550586,172.9324101590905,927.0299083542075,93.78385218931916,90.61423755114345,83.85379325510792,186.76427823420104,91.39978776033631,148.86815471031105
153.10008644886346,134.8154225821248,167.5616954888987,177.75292482035238,,624.1279609185733,172.8932990564907,930.8404757585022,94.11963216063444,90.17787868469968,81.8470715809334,194.28164636706538,94.07510349368916,146.51553146228883
153.09069024886642,134.40670781857023,166.40805853857864,179.84083309145873,,635.5066265581302,172.54129913309245,933.0840828971213,96.1174386231334,97.2563455338653,82.94407425324785,197.68573890459163,96.83624903442605,147.52419110511298
154.3968098419412,135.8249920027047,167.5616954888987,181.12569172452817,,645.0719802345448,175.15281227057443,925.7122619218968,97.12477853707921,98.90476695498101,83.58622994777973,198.04038240860805,99.00576149308364,148.8012494511779
155.16889454423938,136.47714278084686,166.88876904513978,183.14583180131655,,648.0481834721583,176.56688854790457,914.3875016497411,98.62313338395343,101.37739410288573,83.61298565235518,200.87711463985536,98.90711501703944,151.55608192070716
155.55337404828825,136.95741374283895,167.36944298093664,181.61054959537864,,653.6406333284787,175.85382906717257,910.6481745321818,99.34700075930144,103.5591186623405,85.0043010749995,200.80618593905206,99.49883002384738,153.23625676610538
156.0122393390887,137.4442857720141,167.27332282208297,182.70140618137052,,653.4468674015627,175.5168732919966,905.7692201885245,99.53935712477853,103.26821607389056,84.44243127891517,201.51538632190076,100.38625689009726,155.92509125432778
155.70137136726467,137.13559529376994,165.06220565106076,182.41864027241013,,663.3305560956425,175.27316545635236,914.4586875960595,98.55226524930397,101.42586623883336,83.93406663040798,200.80618593905206,100.58351343119516,151.96007977564315
156.44683509602095,137.745792272608,165.6389997457113,182.49941815842877,,665.7392122058487,174.5631258535989,935.0070815752227,100.7930481734582,106.85594156949647,83.39894627732535,204.77762145782043,103.04881967402333,154.58112764912974
156.6112733753177,137.98640826088112,165.25445815902285,181.85293522290877,,663.5659436237999,173.85908917902225,932.1224748772365,100.93815911583566,105.88628953225137,82.99759192397246,201.76358479960172,102.95017319797913,154.4464616974844
156.61910194886553,138.1099065082505,166.88876904513978,181.2873167891977,,657.1151868573326,171.79513147793747,937.500002547207,102.84484940521388,110.73454971847687,82.08788544525987,199.9906098300353,108.47243697121,159.28545390623609
156.35443116380205,137.76758052061308,167.46556313979028,181.32771439378607,,657.8212015853172,171.25357896971707,939.6723150586738,101.73120728929386,110.73454971847687,78.47580897341123,198.82044219211267,106.10577720442605,159.95788934774825
156.87359272070748,137.91986194159443,167.36944298093664,183.54985981667423,,661.1849366767628,171.97566125660438,960.4701315520364,103.41348181894878,113.25566893740466,78.12797855235671,204.60035168092273,106.99319496792829,164.05755381696642
156.78824310750974,137.67070710269314,169.19595761399654,182.17613338277363,,659.7453319858679,173.6996248906445,1011.8233471835734,104.43938243482663,119.07357119333754,76.92395306174049,198.0049180582064,109.76309735188327,172.18910910177877
156.66608294885066,137.7571669038876,167.94622488533238,181.65094719996702,,660.8388785676846,173.8831561333998,1001.3889003041501,104.33982957900953,116.11615291319231,77.59285193770035,201.26717051916293,108.37985292508603,176.89436855893499
156.4256912563532,137.68699708710187,166.02352914214495,182.86301392288198,,654.3051003834659,175.0986570197524,1018.6610018593253,102.59006158778368,110.49213920105001,76.73665686813864,202.11815900347082,108.67635672357159,175.14638117657734
157.2134331057471,138.23371984235894,164.773784223226,185.48918736112782,,658.471770130476,176.33222193230574,987.8561802069514,102.38926853961023,110.63759547904385,75.58613026352585,202.11815900347082,108.67635672357159,174.6764112625581
156.73029828107846,138.02448649329492,161.5052599730303,187.7517477117624,,663.5243959508023,177.42736963288044,1004.6651927281383,99.87851176917236,105.20752014838075,75.18479469489418,198.5722610394485,107.68835359878037,169.03031766064893
155.7044970614651,137.2376203798733,159.87094908691336,188.92345147640512,,663.0814179141443,174.80681527535302,991.7379335575646,99.00615877836834,104.1408939366272,76.54935441296305,198.5722610394485,105.7123928629361,164.93062726920715
156.27220724480475,137.67998640715808,159.87094908691336,189.24666695942804,,670.5288013348484,175.43563120881848,1001.0684005244665,98.20129924913525,101.57133248436492,75.98749087845246,198.28858088630903,102.84740317725945,164.19133841300905
156.4100245505596,137.52099363863505,160.15935832449338,189.89311524863191,,666.6113436975802,174.9091228488203,998.2549797727986,98.43415169155489,102.83186717498451,75.88046179857695,199.45871387415804,103.73646853808233,165.132172557762
155.47742063508753,137.0249998483645,159.48641969047966,188.6810312025589,,659.676135149701,173.18514080089005,994.3020404758672,96.05669450771957,97.64421232928598,76.57612890225971,193.25330148067562,100.87147885240569,160.562512252301
155.36700811609919,137.37693598154286,158.33279493041437,186.82253351359813,,633.6517669219902,172.42696728938148,904.0598336897953,97.77946511431705,99.77744481771765,77.88716468803024,191.6576482631174,101.85938184697298,160.02476868465777
156.52983326954495,138.19025362670746,158.813481056466,188.92345147640512,,632.4889495757627,174.48790511248768,928.561221306307,99.74689951910909,104.48028859610021,77.99419376790576,197.01205484725511,106.60163117596393,161.10030766439144
156.73264016205434,138.39093237080635,158.90963778608395,187.95377038102026,,629.1943373922403,175.9380726144391,930.8404757585022,99.73508816333417,107.24379839737941,77.75339242672675,194.24618201666374,107.49081487250601,160.15944759741492
157.49924773047837,139.27128471970315,159.39029953162603,188.6002359933822,,635.3959559772094,177.29199071277037,939.5299431660371,98.49658314350798,103.21973397040519,77.83365327887934,191.48036116118288,105.2184868793906,157.26906782063764
157.42407813050224,139.38219525184766,160.0632137851302,191.99406785775503,,633.3333579760813,179.34088585174277,923.504302096854,97.50949126803341,101.37739410288573,75.77342645712768,191.72859428895754,105.02083892014468,157.47058718696888
156.16258809773885,138.51862127180507,157.27536347073132,190.13553552247814,,612.929125731982,176.72033149421537,890.4202259922849,95.87108748839957,99.82593688874076,72.99079561183903,188.89184473267338,100.27862600214424,150.68300846846643
155.2605146632337,137.57640164169644,155.44878788639755,188.11537812253172,,614.4795488602853,174.8429249138644,891.7735197381714,95.403695267021,97.59573022580061,73.71320589694977,186.69336685843462,99.29071390482932,148.73348875866571
156.47659132246113,138.82014352673593,157.75600083576387,190.21633073165484,,623.6988074634997,176.90686420105905,897.9344732005629,95.8812115076352,98.08057119572975,73.95401349970251,188.5727002291323,100.27862600214424,147.25485920182234
153.9465569379132,136.6885659827473,155.7371849337228,186.0144601597247,,613.9119647687561,173.016653706357,879.4515584729718,94.42672741078209,96.18973925718718,73.17808554386714,185.34591211857742,97.8086773580258,146.3139732126222
155.26677561033242,138.0384448358347,156.986917662387,187.50934476107423,,621.1932314257136,173.63042549160025,878.2051523273967,96.53589808487303,101.52282047826637,72.16135624685278,189.3173303123089,101.56299638420658,150.81676714228547
154.87134183853524,137.70023073014184,145.2585882173386,187.63055489799734,,622.3145010989433,173.40778314624515,873.4330312436341,92.17075845777441,90.17787868469968,71.01084216538744,184.3884959329909,93.5604432455519,142.9536364829375
154.43988133450128,137.4717928443329,142.18230428485018,187.3073220918164,,624.5570404454029,173.70864769679983,864.2449905097857,91.31190415928458,87.70527147187042,71.84027526879997,183.71477722558075,89.01586918404973,141.13876976367033
152.39377514654439,135.55050418998405,140.259596351408,185.44880707969753,,607.419734257535,170.97377990945154,855.555577442668,89.18923479287943,82.85699135056946,71.78676385964908,178.1831008645453,91.3869892971714,134.41805742096557
152.39455895976897,135.52098056253539,139.97121149433752,184.88315399967036,,622.8959467361789,171.51833388176036,895.3703662822603,90.30456424533874,83.87512549129993,73.87374638597618,176.55200062162234,92.67122313801931,135.09049286247773
154.09612188333875,137.2039060987953,140.259596351408,186.21644818266648,,636.1296198683633,173.08285164131289,908.8675477467168,92.02733485193622,88.96581613002773,72.776737452088,179.45966155367293,92.86888020001285,137.77842007287384
153.85493681891887,137.06049436951812,139.5867064784134,186.21644818266648,,641.5836021241063,173.70564623271144,928.1338882667288,96.37391377710284,98.85630478657109,73.15133610086544,189.74285054201812,100.27862600214424,145.9777749335338
151.5277188855782,134.86229173455803,135.54906248407647,183.95388783203188,,631.5753443392774,169.61083900496493,924.3946154895864,96.91386146967012,102.83186717498451,73.31186406674436,185.70052097252014,102.64974611526591,146.24711979793628
154.17364292298862,137.07913175013275,136.6065427047786,189.00426400873988,,646.2624467439414,172.24643751071457,923.3618215233832,96.27604825782502,101.08648154689806,73.2316094761655,186.90610098573396,99.38940589461166,143.89449654991404
150.9881973022296,134.37718419112153,133.04953607547424,185.2467670872816,,639.008903178397,168.75035791998906,915.2778150424735,96.6303889310723,102.78339503903686,71.97406005325094,185.77141502324977,101.66182491520334,148.06194763386804
149.2592295918933,133.44835574742237,132.56888652018694,177.89345027850874,,625.8028792093818,163.8191549755344,843.6965965306225,93.32995866025479,97.20786343037993,70.63624977818375,180.31065003798082,95.04237055938387,145.50779205840277
146.80123911312106,131.64935225649762,130.16552903145742,176.358202718887,,607.1151868573326,160.42536454438604,799.8219264533701,97.79296380663124,107.29228050086479,73.55266540792337,184.3884959329909,103.34127274981444,150.74986188315233
147.0330184188461,131.6019238251026,132.47274198082374,176.68143552506794,,621.7054802267822,161.8484636278715,808.6182271207996,97.89082932590905,104.72268914598935,75.74667075255225,182.61553828846135,116.38244247473122,146.51553146228883
145.84200466540923,130.20283630054453,130.9346122048343,174.62088052053318,,620.9717424073846,159.4686156418999,818.0199343744368,94.71863663207627,97.69269443277136,75.71992757112427,177.2966480298358,99.78460168287957,141.8780975032038
145.863148505077,130.0052138978144,134.39543772401117,172.6815010066054,,500.6921531822782,157.80783006483713,806.0897675160729,91.6189994094322,90.42029916966425,73.25835891916721,175.59460176107265,96.32675914694147,138.78706675458622
147.74246497406344,132.12800052178363,134.78000369120915,176.2773728633942,,494.3106302160997,153.79425571332374,810.1139470997399,94.02514131443517,92.5535316580959,73.89927482209929,183.67931287517908,99.09306594558342,139.79480615847228
149.0932236861474,132.28335403847066,136.22198892783538,178.09554224039883,,497.259147326422,156.70364114421704,820.7621148393694,91.62743609212858,86.8810557775437,73.53838275823075,179.03415864900057,97.70995806000057,143.7598176371569
152.01164708216922,134.01872576244492,137.08721664057546,181.32771439378607,,506.63069811179867,158.41858197210186,838.1054023408628,88.47042942714924,81.93581144927201,74.1768816937006,174.77904297709276,91.88086797247402,139.45859491827207
150.9020638758073,132.7806396843713,135.83744734114697,179.3075743169977,,518.6184955158824,160.27494147605375,823.0057219779885,88.43499535982453,80.52982048065859,74.28792444234111,176.8356461246881,95.53636757040566,137.10689190918796
152.7586688786768,134.52762235467944,138.43306952809328,181.89333282749712,,530.2325856477186,163.66571202922358,837.9273287942331,85.56989791613937,75.1967143407351,75.64820124397433,170.20478280164383,90.89296497790671,132.06544713405518
153.83614441892485,135.556144242613,132.47274198082374,186.3781078936521,,532.9734383212965,162.40205882022573,837.7493095880201,87.64194718636632,80.57830756791282,76.20341498717693,176.4101258949789,92.86888020001285,137.6437541212285
153.60514892642442,135.6572083141623,132.85725918700265,185.48918736112782,,525.1938213730989,162.69992190669203,789.4230725471059,85.21724457943137,70.3969312742261,73.45509756596348,173.2897481606658,91.3869892971714,130.3852463664333
155.4390520218749,137.1721296011624,136.12584438847222,187.8325429209391,,534.6345689946423,165.14596782761947,864.5655446298864,88.29832110014343,72.86953848705537,72.5667493152656,182.4382511865268,92.86888020001285,140.13101739867247
155.2237136764702,136.91853203924057,134.91347479067502,188.35781571953598,,523.3942600632973,165.27534381955272,847.9344969744953,86.13684299333502,67.97279121357562,68.73576196402024,176.30378481888448,89.31220003033036,140.39945498524864
156.1907766977299,138.70204901694117,135.30142964869881,186.05484044115502,,524.6539603729829,165.5702054419306,849.9287902797493,88.31013245591834,69.42726428567441,65.79311660189904,181.4453879755755,94.64717477111596,140.33256268722732
158.0231121667312,140.27576548944748,136.65932650792843,189.691075256216,,543.7015723798166,168.20880541176865,860.7549772255917,92.17750780393149,74.08160602549616,69.40201845586336,191.6576482631174,97.8086773580258,142.4827333688684
158.00431976673718,140.0799233267929,135.68936012621302,191.67078308209992,,537.6661444868381,167.0474597762381,863.9244907301022,91.02674428414747,71.99685564054987,69.12441158426206,186.87063663533232,97.01830398698526,139.99635144702714
157.5571925569096,140.22188565707046,135.30142964869881,192.19603855753874,,529.8726659929339,166.71348705126042,850.8902896187999,91.76411035180966,71.85139936255602,66.93130164467748,187.4025325912096,98.00631621452409,140.87034513820595
158.45534692529188,141.0340689899745,135.20443179150178,193.36775964533953,,526.5504046462422,164.2493955180223,822.5427416248342,90.60659748586856,69.81513108109509,66.62594347827667,189.1046135100464,99.19189447658017,139.59327383102922
159.05359714829632,141.59823179623783,137.62920755786044,196.76155686339624,,530.5924683383813,163.08202854042483,859.0455907268622,88.81633341770015,68.1667196275171,65.6543037737378,180.7007232423252,95.3388652551218,134.68648204642994
159.10920009375172,141.755192255294,137.43521184346642,196.68076165421954,,531.7829718119,162.77214118371484,855.4130968691971,89.805112629714,69.1848637357853,66.68146485259692,182.22548240915378,97.8086773580258,135.6951416892541
159.60565018454022,142.07631290539356,135.78640674442912,197.52921528952322,,536.0880721953657,164.72174862719845,861.5740503315885,88.96481903315616,67.77885283209642,64.68267659234638,183.28927432090836,96.62311730146497,131.9316754991243
159.71684651675315,142.08567098154325,139.37499832383998,197.4484027571885,,529.5542940111469,165.5641840998637,894.1595531098443,88.5412975617987,67.87582202283603,62.65614329887005,183.67931287517908,95.93158156416882,136.770667707876
159.60486637131567,142.06388273353815,141.4118070419201,197.08482431589334,,531.367679902533,164.66759337637643,887.1082862547206,89.39340251413145,68.40913014494394,62.517342993856275,186.69336685843462,98.00631621452409,145.17156785709076
159.68943217128881,142.3912893640817,144.80648823872028,200.43820660620364,,525.2076459546835,164.0869297655562,896.3675129348871,87.4816502151354,65.93651296457696,62.35076634774802,184.3884959329909,96.82075615796326,141.81120520518252
159.72780078450145,142.24570353630511,146.84328476654565,200.31699646928053,,534.3853938490223,163.7920681431783,921.2250476446588,87.35678731122923,63.99719892254904,63.84984971596875,184.1402801302531,96.72192762696649,141.0718904267608
159.8452580638131,142.35064317474468,150.72288210780232,199.8322078910623,,527.6024405191832,161.41822308538357,904.4871667293731,86.48780899350376,61.08824281081374,63.65554055978219,184.74307013686,94.35081661659245,138.24929726471936
160.66590095124337,142.6738591516589,150.33493944003334,198.16520039126084,,527.450185301143,160.97295680856348,917.7350887008815,87.84611490761833,60.36100129099549,61.15705993064932,188.71452298066518,96.82075615796326,140.06324374504845
160.4247158868235,142.65700201111989,149.75298886761556,196.0510302125404,,502.63014512853533,161.56264322553903,882.2649792246397,90.10883320678309,61.960925657319244,61.517945732944135,191.48036116118288,99.88342111112871,146.58330511591285
161.58206390639512,143.65987583849505,149.65597882016374,195.07521671920347,,498.72647510872997,161.71608617184984,864.6011376030456,94.63258246857336,69.33031004624141,65.48773965077702,198.5722610394485,106.70043239871782,151.55608192070716
162.04483870462056,143.72311374702173,151.9837567293254,193.48957609279464,,493.45239723419655,162.24863428780506,878.6324853669747,93.4902556314857,68.8939561635665,65.79311660189904,191.48036116118288,101.95819217247448,153.03469851643874
161.85848233112935,143.699230172202,152.08074239626762,193.00170399244226,,483.0980074120458,162.79318826011388,883.5113853702148,93.75010545853371,68.60305357511656,66.51488820648866,194.5298621698032,106.10758865120403,149.20436595051123
162.31265430128022,143.8025628682724,151.40179396665283,194.1401126472999,,486.1018967769503,162.57958713480423,884.757845856207,92.96886864085042,68.70003273339388,63.96089872618301,192.47320704709733,103.93412560007589,149.20436595051123
161.89998619724028,143.80651720684742,152.56568292123364,194.3840920053712,,479.775746065354,163.0188504834475,870.7977383790131,92.23656458280604,62.25183322953804,64.65491277439938,194.56530919516803,103.2425534517892,154.58112764912974
160.79431249830333,143.39159523453364,152.95366215976694,197.6773282909085,,473.1589464633837,160.6028744450744,824.9287749965068,88.2072049270227,59.7307189943791,61.43466680225062,184.3884959329909,99.08858739375044,156.9071676568416
161.82089753114127,144.22039939292236,154.21451240078048,197.0267917364032,,487.6938306141293,160.58783029685216,824.1808878368282,87.08681346494558,59.00347747456085,59.60244892653458,182.8283243908712,98.39551329210516,157.55489921925502
162.43011158059187,144.48713607186247,155.2814278786738,195.48184320826968,,491.58363908822815,159.85672520380953,816.5954546822318,88.2814477347507,61.62155591669052,60.934974433368275,185.34591211857742,100.77131221750761,156.40333035767807
162.24138465003122,144.38615077199796,153.34164139830025,198.571809557169,,485.32668521279874,161.6589294569394,812.9629608245668,86.77465620518012,59.48830847695227,60.157668931310916,182.4382511865268,96.61379608789395,157.91401274401318
162.51155168636458,144.85955284307886,152.27471373015214,196.86417925172447,,485.76966324945687,158.03347387428065,796.6880602624358,87.72800134986923,59.051974529352805,60.74063396931303,182.4382511865268,100.96932428665863,159.71327428466816
161.33227601390064,144.00204428276294,149.65597882016374,193.93687735697807,,469.93356808015,158.5509594281235,763.3903176380775,84.82915717539863,55.803628741913336,58.7973921296777,176.9420218508562,96.41576581324767,157.6263279064078
161.293907400688,143.58839841174228,149.65597882016374,193.48957609279464,,475.8859375912552,160.4735168670313,772.4002848252959,84.69248291571753,55.367274859238435,57.46487288441774,178.71501414545946,97.10878529840718,157.194852494447
158.65659575005,141.42625745406608,147.03725610043014,190.6841772612936,,462.7906950955264,158.27416183194634,747.2934362821591,83.60415084788661,52.74921136841535,55.32729684230089,175.5591200856342,95.92090404120121,156.47567928376895
159.3762127597911,141.93595751748515,148.2011328647562,191.78199775682427,,463.2198485505998,158.9601528942124,743.8746632847002,84.13228718467899,51.53714382997454,53.77268583818616,178.04129543804927,96.01978718868376,155.10882635512476
156.79215261493474,139.39098617186704,145.3884266208833,190.88748184424767,,463.0121841138554,156.0477567922856,737.1794891824192,80.99552855817093,49.403906357774005,52.49568483645959,174.63718557548617,94.93095292841764,147.48297476957572
155.79768480690856,138.58444289159198,138.50209075059544,189.74910783570613,,452.71320351040873,154.58554660620035,726.6381547026842,79.3368767400658,43.925353907394395,51.88494345736301,174.6017558751582,88.79367111445121,144.10152438876207
154.47511469481563,137.6812625084512,136.65932650792843,183.6098325898667,,438.03988872320747,149.04657480467927,704.4515601711098,79.3183160381338,45.42831905051628,53.7171644638659,173.82162679150625,89.58559195258852,144.60540057126101
157.61905644946376,140.0043340180956,140.1509446106518,185.9679648035004,,461.8632652774564,151.904815655784,732.9772360521225,82.19691217413313,45.91313510160111,54.716549201630556,180.48798911502587,92.5552177222486,148.20213501914193
161.40431036097849,143.4024814813677,143.6425870938847,193.2050085753963,,462.92912573198197,153.77319942997963,777.2791848285359,81.82907280857167,46.397981055299105,55.41056951142067,179.17598140053346,91.26832587909331,149.06511176528724
162.141935957489,143.61744940908238,145.77640585941663,193.77421290282516,,470.8194871893443,155.35274292386427,780.94727165936,83.7779465114317,47.65852571345642,59.88006832128335,180.8425459938581,96.41576581324767,152.3027067661864
162.75977195240992,144.86479903728397,147.61919448259317,195.07521671920347,,466.05758418763577,157.91614056648123,792.7350666250871,84.5709946848899,50.27658422051064,59.32484831650703,182.97011249233043,97.49345831041717,153.59811804656601
163.04400939199417,145.38692927255846,148.68609777023175,196.98618625391816,,465.71152607855765,159.63710273643298,786.9302059155385,85.86855648359065,52.894662662640314,61.68450985590491,182.89921844160082,98.38883187534626,154.10107399012688
163.56082906792372,145.62521361896262,149.8500111053221,194.66867684592756,,470.72260422588624,160.67207384411867,811.3248146125729,84.61149076183246,50.034168719314934,60.185432749257906,181.6581394279117,96.99597494705387,152.59037864267998
163.70178162657686,145.50034474427835,150.52889858366305,192.92038908852385,,473.32502626300857,159.55888053123337,803.8105674042947,85.36910486796592,49.840250272911184,61.379151689504084,184.3884959329909,96.59806653999283,156.04419091069633
162.90150832428762,145.05541076007034,150.33493944003334,191.17210133112013,,475.12458757281007,159.58594894969934,791.4173658523597,84.3786383194128,48.62817276693265,60.823919161580285,181.5872107271084,96.49852799468108,158.27403354659765
161.16704436268148,143.84483175431552,148.97703039054895,190.11502490333893,,483.0288105758789,157.8980949541706,781.0185119460954,81.85607019320004,45.37983196326205,59.07500526285272,179.6369659806443,94.01154810975073,155.03643854569845
158.22121617989316,141.17217150769872,143.1576465689187,188.36678911540938,,458.44408400318486,154.60659368259942,748.1837496748915,80.17717033662363,41.50121384674392,58.186644489007364,174.84995435285919,92.51922545812764,146.40375483408968
156.81408026782705,140.12348406846615,141.79976189994386,185.6019957663934,,450.59523325469837,151.023269080519,752.4216501187643,80.99384122163166,40.14369999784701,60.51855473360573,175.09817015559705,94.40949292780229,150.00050224308242
158.63780335005595,141.84061227024958,145.87336714584933,187.96014530318516,,452.93469252873774,150.76452630359753,751.2464299195076,83.46072724204842,42.03453193638957,62.7394284911373,179.84971743298047,96.896463709985,154.46113367604673
161.47556089483177,144.4488215243944,149.5589931532215,193.48957609279464,,462.9844979865643,151.2398992907522,750.0712097202507,84.27064878089935,44.74955963418339,63.40567872140668,178.00583108764764,97.49345831041717,154.6773120598285
160.1185507943469,143.07353092580283,147.52219662539616,191.8632606912685,,455.82780042035597,149.28125062722313,735.9686760100033,82.4095165780815,46.1070734830803,62.04540818134719,175.84280023877366,97.39390155961016,146.76381452000953
158.82260165579586,142.29490433060727,147.61919448259317,189.46448834883367,,441.34828852419264,148.19211506177032,720.1211084874501,81.22838100059056,42.8587326794097,62.850471239777825,172.47415472661223,92.51922545812764,141.72691909512
158.41306880465424,142.07582452094803,147.52219662539616,188.48870950181282,,448.21430023590506,149.28426129825658,727.386041862363,81.06302201974184,44.070805201619365,62.48957917590927,174.14077129504736,93.41458081756146,146.04372107039342
157.49220297015506,140.5707496945431,146.55229119495462,186.86235945397058,,448.8372196178945,150.69532690455324,686.2179592768839,80.39483675018982,43.19810740380728,57.46487288441774,175.5591200856342,94.5088585209091,145.2521730114009
156.03573461843015,139.71267397809692,144.12752761885073,184.91085372940307,,448.17275256290736,150.9721245007304,683.2977052653215,81.03602463511346,45.13742642960407,58.13113563783459,176.09103336654832,91.82286526458866,138.77792917076425
158.13038943282126,141.25218778507963,145.67939581196484,188.0008547246185,,466.971226388243,152.86457522930357,687.5712530227706,82.70817514553278,45.76769377491386,60.74063396931303,178.5377097184881,95.40425939408107,141.72691909512
158.37548400466616,141.28171141252835,145.58238576451305,188.61064721137433,,482.835007684841,152.50955542792684,683.5113717851106,80.78461149076183,45.13742642960407,60.35199061064495,179.8851644583453,92.51922545812764,133.59811156601015
159.12485724084746,141.5966878712165,145.19445528699885,186.69974696929182,,566.5559344788761,155.8612240854419,700.0356405210241,83.05745380916224,47.99791040539172,61.29586023566309,185.20405471697083,94.01154810975073,136.61948929979212
161.55464956093078,143.6914947927584,145.77640585941663,191.6193506258294,,593.0786529978272,160.78038434576277,718.0199275818846,83.42698051126297,49.597834771715476,60.823919161580285,186.05511250142607,98.38883187534626,142.3031701259334
160.66746857769252,142.55108560378932,144.61249252432626,191.82262056246736,,605.5648006931511,162.45321260695937,716.8447073826279,82.29983970302877,48.38576224950581,56.96516799238793,185.94871945022112,95.90170634645385,135.6117887792415
161.08013668173245,142.60028639809147,146.26134638438262,191.1314438791609,,618.1616928976397,161.02711205938553,735.5769359435843,81.96574706825275,47.65852571345642,54.355663399335754,184.35304890762612,95.50377973389756,131.6550076065525
158.92361797478722,140.2490776426502,144.03055414216323,173.44541763059215,,628.6960610292438,156.0387339861303,733.5469953247543,81.98936977980257,49.1614908565783,52.745537282474494,186.19691792792213,96.10061048487242,129.4966066189158
156.7788469075127,138.66937452210203,141.67901742645682,167.4687028999573,,612.4861846594458,153.44224658298046,710.0071070472932,80.4775162406142,44.16776442482124,52.44016346213933,184.60126471036392,98.48818836570543,120.07238780942629
158.27368387245028,140.48814970590198,145.50026001813424,170.802665930086,,614.3411182238297,153.6408127670129,730.7692218866625,80.59056778874547,42.03453193638957,50.10825321754098,186.3387753295287,93.01667241050042,121.79930042399036
156.21739767127178,138.45626560614772,144.128515029487,164.2567815183384,,611.5725424588386,160.81951386225268,725.0712487774255,79.14958238420652,40.240666696702185,51.662857960081965,187.6507830440211,94.30995438249053,118.05782924059226
158.24236001956092,140.03796952748883,149.6154096522925,167.8346546139062,,610.5620172947733,159.0022654609006,751.2108369463484,80.4032734328862,42.61632216198286,54.79983439389782,193.11149605417955,92.02189684147402,116.54713389314534
160.52729983226396,142.50108133830258,153.33864259562705,169.13574504607482,,632.5027741573474,159.2309291483226,777.6353319217957,82.61874630895132,48.3372851297893,57.93680143535307,193.43064055772066,93.7129961930489,118.84936433847295
159.8601409563821,142.55447278623404,155.49422096592164,170.1114372773054,,621.1378591711314,157.28130329094884,778.311978794739,83.18737872268625,48.57969066344728,57.04844066150771,193.53703360892558,98.28928422728687,122.3031636453775
161.5053266799698,144.2633929784653,155.29825043025505,172.59159381629087,,621.4147204440426,158.7314892067904,787.001446202274,83.07432717455497,47.65852571345642,56.770846313053895,198.21766951054258,98.58773601376481,125.89989809325843
160.9532736437259,143.77464618319286,155.3962478883431,172.42892936213795,,615.1162928238593,159.7604573862993,774.0740783508661,82.3285244241964,44.21625151207547,56.68756112078663,198.60770806481332,98.18976388747038,121.22395667100324
160.26967380752376,143.0077250603529,155.98411073432388,172.2256594255,,613.3305930597644,158.8067099479016,774.5014113904442,83.32574031890661,45.57377532851011,59.93558969560361,200.20336128237153,98.38883187534626,120.86392290730699
161.98064248978847,144.1333566812607,157.6497749557067,173.20147291883694,,628.3914766649195,161.5475990773168,770.2635109465714,81.85269552012149,43.19810740380728,56.63204600804011,199.1041223452521,98.48818836570543,120.14476265774078
161.975939610441,144.07996523332923,159.21740514823713,172.30699165257644,,629.6926876834807,161.25575733291743,757.8347707618941,81.39711465451785,44.022318114365135,58.575294109249185,197.33118202575938,97.14742646208788,115.32409746108021
163.53811760180685,144.96918727393017,160.29525528465828,175.19367074167974,,632.2398113942645,163.34980333044663,722.507141859123,83.57884079979752,45.81618584593695,59.90782587765662,201.9763362519379,99.40193127534775,117.6987157158341
164.20449266446408,145.34804756896008,159.70733148740368,178.36493467133943,,645.2104478351223,165.17907600204248,725.6766553636335,85.43997300261537,48.62817276693265,62.40630024521575,205.3095174136977,102.37374170443852,122.3031636453775
164.41512813052134,145.43274288441586,158.82551283792301,178.24214812703315,,657.6135371485728,162.37799186584817,728.1339290220417,86.52661773390703,48.67666483795575,63.044792919111856,205.48682184066908,103.5008803267231,121.94314284279307
164.240509838003,145.0771832537385,160.98110339847236,178.11925764377855,,656.9767931849988,163.3317393042459,753.9530174112809,86.55024044545685,47.07672053655654,61.351394133130825,205.7704846687717,104.2183406892637,121.583096117985
165.2467348443978,146.3247849513313,160.6871597852272,179.59338910177607,,661.9601482409144,162.1523480564047,773.1837649581338,86.45574959925757,46.737350795927824,62.7949561270313,202.29544610540535,104.11578913448709,124.46063143296433
165.19660903281655,146.13442529793616,160.4911770593058,180.78083961709237,,653.1561815470668,160.0342351044979,738.3903023548352,86.5283050704463,46.05859137959494,60.01886236472339,203.5010780937297,102.57869917002968,120.72010641072792
165.65234862941657,146.8793376120537,160.29525528465828,180.5351625895315,,657.3643250388308,161.29186697142885,726.8874685360495,87.52889563823504,47.99791040539172,61.18482374859631,205.59318024180033,104.52568586017415,121.29542424149145
165.52550470880573,147.0034030155534,161.76488801910068,180.12566045622788,,662.1400895862458,163.63262226869068,725.6410080500573,87.42259343626087,45.57377532851011,61.46243062019761,207.0469933827888,105.55048229087758,123.74149710562172
165.28118439148756,146.92152772641208,160.4911770593058,180.412306752593,,668.6462186072954,167.12568198143768,737.8561360553625,87.33822660929722,44.74955963418339,58.99172007058547,209.9901533153147,105.55048229087758,125.25217949195681
164.79256287424693,146.2623505139892,160.0992725587369,179.55241983297182,,657.4058727118285,168.0042086787242,724.145288071117,87.03788070530666,46.30100688079064,58.99172007058547,210.94753485082754,106.98517544726806,126.61907130393647
165.80190401614425,147.5201295132532,162.35281181635528,179.67529299306838,,664.7978838779504,171.89743905140477,702.7421736723804,86.08959757023538,45.67072956794313,57.07621700260218,209.17461185637163,104.42147760532924,130.9358473569863
165.04940508576254,146.83238968793572,158.43362052760887,177.21841877851122,,657.1290114389171,172.5894330418476,710.6837539202365,86.56711381084958,46.397981055299105,57.71471593807204,213.21695875090643,104.72945086582605,133.094248344623
164.32508519667402,145.97358927198974,157.06189991947116,176.3175799132439,,650.2907228186178,172.50819095866947,720.9401815934472,85.15650046401755,44.94349303189373,56.604282190093116,208.81998567739205,103.29196316591378,131.6550076065525
164.5216311420847,146.28672247325446,157.8457576816281,176.5223569646328,,647.3560672540019,173.09789578953513,714.4943213245314,84.98270480047245,44.79804672143762,54.13357790205471,212.48987893004383,102.57329213793867,133.59811156601015
162.18971032939655,144.03671957839504,156.0820960021572,173.45132482748951,,628.6267902648332,170.7977615338623,690.4558597207568,84.33476756939172,44.84652882492299,54.383420955709006,211.47248346693394,101.44375039028031,128.27449042578874
162.82945485981404,145.15745160051065,157.06189991947116,175.45772763993887,,616.874343424785,171.14826993216138,679.7720990079681,82.9848983379735,43.24659947483037,54.24462065069523,207.83895546659917,100.62250960203333,123.74149710562172
160.06765072823896,142.47316465322302,154.0245028996959,172.10004920643044,,602.2425393464596,166.9842817192607,677.7778057027143,81.4865434910993,41.30729540034017,53.023150415649525,206.24018374241064,96.00191849509007,123.74149710562172
159.76069226383996,142.25094973051026,154.31847089345058,171.89532412451572,,609.3438646580855,165.8319588898855,689.9572863944434,82.5208807896735,42.37391164455601,52.356884531445814,208.81996835235523,96.51542269427857,125.89989809325843
161.77390697245832,144.346796438291,158.43362052760887,167.96443971406742,,620.5980351351371,167.13470478759302,680.4487458809115,82.47701003965241,41.064869931606744,52.356884531445814,212.9258808070383,98.56892063441781,131.29588112068254
160.79117724540504,143.16985294192943,158.72755195059923,169.43853652574882,,606.8660117117123,164.67061325435492,671.9372976795895,81.99780646249894,40.43460009441252,52.412393382618596,210.74575014680806,97.3368091264876,126.61907130393647
162.9672721655689,145.00983346326723,161.5689784347079,170.17555028527346,,584.1223941218175,166.83384023703834,696.9373129628318,82.42301527039568,40.6770056280705,52.4679210185126,214.7426534697241,97.95286488045271,125.53985136845039
162.426192514469,143.9746159821289,160.58916232713912,170.74880823168755,,579.3466295744025,165.72965131641823,693.4828926517968,84.84771787733064,42.955691902611576,55.18849027571338,217.5041950411067,100.62250960203333,129.71281092492114
164.40103860987475,145.8065302829471,161.2750104409532,174.02456545074554,,585.7142909948745,168.33516152572338,714.7792281310558,86.94170252256814,44.60411332372728,54.383420955709006,223.4268455084019,103.18937520014666,133.094248344623
163.59998149436095,144.861490626524,160.0992725587369,173.16471317744052,,588.6074358506146,167.8808540288579,696.7592394162018,85.9765460221041,43.24659947483037,53.16193819751584,223.06347018582056,101.64912658226235,134.6773185403844
165.07446799155318,146.2216255529674,161.4709931668746,175.58058347687734,,592.8848501067894,168.59391350958987,705.4131138505776,87.68581793638741,44.70107254692916,56.21563883142503,225.35262730285473,102.98400811091224,138.13019760835084
164.78629236845032,146.1279660197857,162.35281181635528,175.49869690874306,,588.3167499961187,168.12756332859053,710.9330677536018,87.58626508057033,45.23438565280594,56.576512110572374,225.27996609836794,106.06419585326152,141.00775884555375
163.77459978687926,145.2818320907494,162.2548143582672,175.66245272185355,,606.6998949479656,171.55144205618336,718.3760746751445,86.90795579178268,45.67072956794313,54.355663399335754,225.97031684113992,103.90801891987888,144.60540057126101
161.3902208403319,142.92164336324532,158.53159360518737,169.766100121444,,583.8178467216151,168.12005046142446,691.9515796996972,87.50189825360668,47.51306943546258,54.855349506644345,228.36844843986745,104.72945086582605,145.68459458452344
161.00651559080973,142.5965053572229,156.86592938380457,168.74240541923817,,578.9867099196179,167.03241562801585,678.0983054823979,85.3454821564161,45.23438565280594,52.523442392832855,224.77125104177614,101.95722728122594,143.02233037549962
161.38786940065816,142.87422280901876,156.57199796081417,167.75973195531074,,574.1556100817425,164.97749914697656,658.8319106219689,84.52712393486881,45.37983196326205,50.94107696313173,226.3700054409278,99.59572877234702,145.03690190544546
163.3627154960639,145.00088499987828,158.33561087926603,167.71878000966458,,584.9529409764295,166.08769099577344,678.6681190954467,86.46418628195394,47.07672053655654,51.69062803960271,233.05573715562917,103.39469677564294,145.3960283913154
161.92581379885976,143.38609697093727,158.1396769143637,166.49032557922794,,576.813404373447,164.87519157350928,672.2578517996901,86.30726398380158,46.834315002898556,49.80289505114015,235.9989144131919,103.70268824163497,144.31775461699107
161.28371782876854,142.75742015485412,155.88612546649057,166.73603725310494,,571.8715600264072,163.23847295082405,668.0555443289763,88.28482240782924,49.74328108217158,48.692458172374366,242.2486096008251,106.26952653150543,150.57672735167222
161.85299563855736,143.28221287307352,157.06189991947116,164.97534611453258,,573.2004571722595,161.12337987689577,680.1994320475462,89.63637897578673,51.82803146711789,49.96944352016659,238.72405608218372,108.22048201961569,149.2813160712926
162.92265216395538,144.2308760269957,156.7679319257165,170.13459833962727,,584.5930582857667,161.494953765484,723.2906219919607,90.6724036109002,51.925005641626356,50.33034184560887,241.34024059451903,109.34987812331201,152.51891107219177
162.58672128634072,144.1870789702682,155.7881401986573,170.05269444833493,,586.1849551588238,161.57166603169435,723.8247882914334,90.65890491858602,52.943144766125684,52.745537282474494,237.8157044009145,111.81413755016297,148.4897939345237
163.0228655523264,144.40559162379714,156.57199796081417,169.60227501570128,,610.9496230768491,162.9526525484916,739.565522554092,90.54416603391546,51.24625619283118,52.051507580323786,240.54082874486951,111.81413755016297,147.84207533322208
163.74953688108863,144.85908021297027,156.27804215731427,169.84802133589437,,608.3887117486026,162.70294178467054,748.1837496748915,90.7837678224922,56.143003466310915,52.190320408485036,240.79521226072066,106.78299431970342,149.71281740547704
164.60150362140826,145.65699011659547,157.06189991947116,170.83071212297986,,629.2497096468227,162.47125821927003,751.0683563728777,91.4772631401333,57.25810679778098,51.13541116561324,238.90574374347443,108.73380416385163,147.55442937895214
163.8474179471817,145.00676136756152,155.49422096592164,170.99451990556454,,657.0875376941633,162.21854599136057,747.07976976237,91.52113389015439,59.48830847695227,50.635703142796565,241.92161685559762,109.14450193132996,149.06511176528724
164.11444973061677,145.4879933441077,156.47402488323564,170.54411779608893,,662.6661629688991,159.57692614354403,738.8176897348303,91.08580106302202,60.40947841071199,52.051507580323786,241.55827618308993,107.91237221790449,149.49753333840977
164.95934303451952,146.1003014040974,157.45381661029487,173.04184001734396,,658.1672596943954,160.2207862252317,740.1353361671407,92.6668354003206,64.67596830641965,53.347218164374574,244.68308912683287,109.76059409628559,149.06511176528724
164.83093148745957,146.04512971609032,156.18006907973572,172.63240717667256,,778.0315570101349,160.6028744450744,736.111102243057,92.25343794819877,62.9305826783332,51.79843042383465,243.33870091849548,108.32309729362568,151.94358028031644
162.9664883523443,143.79087315025376,154.41644397102914,170.42124463599237,,791.1822087245678,157.6694312667486,736.4316020227405,91.04024297646166,62.78513138410824,51.0527239536378,239.85049532713435,106.78299431970342,148.92129526870815
164.47150533050345,145.4737199148289,155.88612546649057,175.70338734434168,,785.4236421045006,161.07824743222906,731.0185357200279,90.71289968784274,63.36692659347038,50.85195285335532,238.9784395980349,106.26952653150543,145.18073136313635
165.06349460640914,145.5006598310174,155.88612546649057,176.03100290951102,,771.9823045355716,162.27721264526028,781.4814922992497,92.15725976546022,63.02755186907281,55.785130590755685,242.43029726211577,105.44814009929641,143.9577208532948
165.4526674311076,145.66537142385414,154.41644397102914,177.4641304523882,,773.8926103545377,164.57432702295458,778.4900523413689,93.95933518940353,62.39727455622529,60.48886861252167,246.4272005850318,106.78299431970342,144.96454001824276
165.82539929548574,145.8384013066017,154.51441704860767,196.0131098195542,,772.9790051180523,170.00798978691998,777.8845914147439,95.49312410360247,64.0941730970575,66.54062953611883,247.95329377969674,110.2740345762407,148.6336233922146
165.13866420638527,145.4982494174637,155.7881401986573,196.66825433410258,,783.6101822848707,167.55133746528753,824.6082752168232,93.70623470851261,60.70037601539306,67.28633287552881,242.90268171646417,108.83655597907607,147.55442937895214
165.59597142943446,146.08038792218966,157.35584353271634,201.2952871742196,,779.4296879562759,167.04147526195138,820.7977078125285,94.17362692989116,61.912448537602735,64.67633361815145,242.46666251443284,107.5016835531738,141.72691909512
164.97658692546014,145.47855649627328,158.4437872000862,200.88578504091598,,779.13900210178,165.6536940197025,827.8133816944932,93.35189403526533,62.15486403879844,60.546230889520416,247.08125537563407,106.06419585326152,137.41103735878463
163.30555448285725,143.90556472326682,156.26789986534644,199.1660112016737,,770.348859989517,162.1118190842662,805.0213805767107,94.87724626676791,63.31844947375388,64.96315752629266,251.9865277048562,107.5016835531738,138.13019760835084
165.5748275897667,145.75983442822036,156.07006422070017,197.52815857688176,,768.1340437344704,163.1496443449194,820.9045410724232,96.77549987344976,66.8576828983367,71.07226820374109,254.3483113763035,110.2740345762407,139.33237961152307
163.6148548282321,144.6128084177313,153.59749046539224,194.9075285492141,,782.8765183937167,160.13873393088863,829.5940084799579,97.95326077786216,69.96058735908892,77.61161161261447,255.07502737139257,107.40934528123576,130.31879474621334
162.88583205979617,143.91734896730713,153.1029684001778,189.50254732708436,,775.9413098458374,158.1535876794871,820.6196342658986,96.3519784020923,66.8576828983367,71.5024946735923,258.89022570798113,105.60216769190913,129.93220366443035
163.50053280181876,144.57942497772927,153.39969139151026,191.22232116632665,,782.447438866887,160.10857197888367,843.3048564642036,96.04488315194466,66.22740558548918,68.4909406925025,254.1303277628431,108.08700843114691,126.30139445361624
165.70090681454866,146.7334997148859,154.98214493383983,195.5217557644324,,795.4042507261602,162.3772921380239,842.6282095912603,96.42959588289884,65.50016406567092,65.2499689112864,260.23468321646584,109.32928770817756,135.18513490087182
164.85756201969932,146.04029313464594,154.78432147944832,193.96573773830062,,816.652854406456,161.61703785693254,852.8846372644707,96.51058803678394,66.76072865890367,66.77007238254008,257.98189135174874,108.19989160448125,136.26718035873117
164.37129194213242,145.7423313598663,153.89420126646996,193.8839031396405,,807.9180845487751,159.60775099559302,871.581218511851,95.82721673837847,66.56678030988677,64.04535483273897,260.16203933701587,108.42583090335485,131.86318898435107
164.32116613055118,145.6798969225242,152.4106350708266,195.03038438615258,,803.0315754921958,159.78273819333592,866.0256172952506,95.11853539188391,67.77885283209642,61.95162232992407,260.81605947754446,107.29631646393938,133.48529804886664
166.0924310789208,147.2265947071572,151.02600498288854,199.49360944368496,,812.3616155686967,162.43161311385694,869.3020184000728,95.59942630557666,67.39098603667576,61.17720967493291,262.6328494652671,107.52225576281297,134.18079130827843
166.22005881275618,147.39050282880936,153.1029684001778,197.77380095812654,,848.9064164540613,161.05889443372038,886.182325548412,96.59832953682613,68.0697504367775,61.03381963637038,267.4290953376853,109.6681374886284,138.2749084216444
166.7266889167663,147.60280827357911,154.09200034035192,196.5863677659683,,855.3018009659464,160.59127369430328,885.8618257687285,94.83506285328609,66.42133898319952,58.05096244771429,263.72287148279014,107.18343329060505,135.0306902926133
166.6194212093741,147.71178102227844,153.30077966431452,196.09180892660603,,853.3776705653958,162.11784042633312,880.128205345915,93.64549059309878,62.494243746964884,57.706788785721805,262.85081575369065,109.10348495051838,131.70877029831618
166.46437913007438,147.49407183993404,151.32271578396626,196.09180892660603,,860.3682513678573,162.69408470352624,870.1923317928051,92.63646334261368,62.25183322953804,56.93238865387811,262.1604476858818,104.47281710195095,132.94526036443406
166.85355195477283,147.49681309456375,153.39969139151026,195.43238559201762,,862.4307754407416,163.67156764627947,874.7150847027854,92.99249135240024,65.35471775521482,58.0796404554268,266.84773640164354,105.03756066753725,137.03939043891185
166.4808200903947,147.0634900566896,151.02600498288854,193.28928573934243,,860.8388785676846,162.94749665925997,882.2293319110635,91.75229899603477,63.36692659347038,58.10832472471304,263.75920208503356,103.79514484929217,133.64072770162224
164.76906759490544,145.52703259107562,150.2347599263416,192.01173747897292,,852.6440066742418,160.59731345026032,881.2678325720128,90.491858601198,60.07010368631441,59.62842819596672,258.01820462895535,100.29382759068292,124.75700021547848
166.27878745241202,146.50668452578304,151.52050266759346,196.21544430565706,,870.7087426801797,162.85095263339804,881.1609449717013,91.5143845439973,60.79734022236381,60.08733267353043,254.71170402392173,103.11747259663339,127.84678669736289
166.06815198635476,146.20927415279675,151.2238040567705,195.55603829422674,,867.3172844973212,162.84795116930962,895.4771995421548,91.07567704378638,61.330643360702865,58.91139660269551,253.58529942904477,100.40684730523171,126.45582610076292
165.01885548739992,145.27811406722864,150.03694866220488,193.12447321359048,,863.8704540598803,160.5339512543818,893.1624064572175,89.02387581203071,59.77920608163334,57.50601142386559,250.06072858536658,99.39037078586023,128.00120538339777
165.35870543113742,145.51759574324117,151.91612519586693,194.64932687837816,,862.4307754407416,161.10113589763938,888.3546924002957,89.48114401417364,59.92464740832059,57.47733341615309,252.53157336369142,99.59934256315532,126.53352796602893
165.19192527086483,145.2882756145629,150.92710544594757,193.37172664853452,,863.662789623136,162.6669242156097,884.4373460765233,91.5143845439973,62.44574669217293,61.23457821350539,255.36575881452396,102.2024279940803,125.91577545521855
165.54194566912605,145.80717621076215,150.3336594632826,193.08322677425733,,860.5481927131887,163.00783897715996,886.7165461883017,90.31131359149582,62.00941772834233,59.91523958096045,252.8949140361991,101.63659209877865,125.14260625276437
163.8787513587689,143.9776880778346,146.17970824819457,190.1571028542588,,876.5504046462423,160.9020265038486,887.2507124877743,89.3832784948958,60.942786532819916,59.083483433691754,252.8949140361991,100.16516025296171,124.13824969905917
162.81771677884117,143.30891647420773,147.36657583301496,188.46738469424494,,868.2586128252195,158.94102086238507,912.7137081241708,89.10824263899435,60.942786532819916,57.64942024714933,250.89647103725946,98.92029579560472,124.29266838509407
162.88583205979617,143.28865639688703,147.16872799811392,188.13767302695078,,895.8333302529898,158.89877939846608,911.6809141579678,89.11836665822999,63.02755186907281,57.305246585156844,249.62470938333524,99.03341564037738,124.2159515643252
164.84737244777986,145.19519899184849,148.65233076452157,192.09412641869085,,928.9867468837397,161.9157111545638,892.8062593639577,90.90694338985911,63.41541866449347,60.833042274514156,247.8079540456863,104.69245729946601,123.59818609240301
165.13398044443358,145.50952952272158,151.12488013932,191.39349129108544,,921.4562681170403,161.28818419340624,895.3347733091011,90.5914114570151,63.51236792015763,61.17720967493291,247.40826544589837,97.90152538383101,122.74828710806813
163.97898386453568,144.3759892246637,150.63039464486985,189.45650237296948,,914.9086653512368,160.60033332823883,892.7706663907985,90.01602969712309,63.12451109227468,60.68962718965668,248.1713120432308,99.03341564037738,120.04410666346959
163.22097912418621,143.50749989149202,148.85012983840355,187.43703789934537,,905.3433116748222,159.05264586424948,891.6666864782771,89.66168902387581,63.07603895632703,58.33776757113429,247.08125537563407,99.59934256315532,119.19516680140822
164.14968309093112,144.42148774978205,148.3555955829343,188.87953727073125,,923.1866325906749,159.3392580638568,901.4244864847572,90.61334683202564,64.86989173659227,56.645577268884374,249.95173677863636,101.63659209877865,117.41765400636066
164.47464058340174,144.67363591270427,148.55341903732582,189.45650237296948,,913.4828852419265,159.67413306945002,927.3860554474671,89.84898337973509,63.70631128540569,55.842499129328175,249.62470938333524,100.39156379196434,119.9673898427007
166.1033853466691,146.12635907741657,149.7402500513819,192.54747346503612,,918.0509853525971,161.92777225258774,932.6567498575432,91.51944655361511,65.20927642852757,58.50986066370427,249.73375316517595,102.54194227510797,119.34962437077851
165.22245575183175,145.32061926832606,149.4435392503042,189.99227300534878,,909.6069013494123,161.9157111545638,934.8647096825861,90.69265164937147,63.75478342135333,58.28040529413555,246.64516687345542,100.50470184223228,120.73957400065778
166.22946457145108,146.15813557504944,149.64133832418617,190.52804363772808,,934.2469632125667,162.36825091797846,925.1780956224243,90.88669535138784,63.851757595861805,56.47349043788813,245.7005192400165,102.08928994381239,121.28060969069927
166.33516465239413,146.35407226372573,151.2238040567705,189.20924893802544,,942.9540839070783,163.0591216611244,953.2407911502826,90.73146038977474,62.88210057484783,56.81765783830688,244.9011420404406,100.16516025296171,119.7352304080644
165.11205279154123,144.91828501123717,153.30077966431452,188.09649588024985,,939.3826104506443,162.26266567207108,944.3376572229589,90.85126128406311,64.0941730970575,56.78897356902064,243.1206826549614,101.41020676527125,120.27626609810589
164.62107983462687,144.30758389361665,152.7073580621591,188.13767302695078,,919.490590043492,161.4752324891731,957.2293777607904,89.72580781236817,61.08824281081374,55.41227892105069,242.68464612789327,99.1465536906453,115.33219815595781
164.55686450239904,144.76187595397434,152.3117477241404,186.53034380665486,,902.0210503281305,160.40724527651494,951.1752032178764,91.14485784189657,64.0456810260344,56.27271933760565,240.46818486541954,99.37293902415269,114.56002695911256
161.12318905689682,141.93603628916992,148.55341903732582,182.86239028919192,,893.7154339255231,157.3390308364528,933.1196215298635,89.45245929300599,62.30031034925455,55.06809899748447,239.01475287524144,99.9388932551735,113.16907932362439
161.5515334254282,142.12285121675077,148.45449511987533,181.95573084281756,,909.3854123310832,157.03431778286452,955.341917715431,89.56551084113727,61.524586725950925,52.45809660932025,239.01475287524144,101.41020676527125,111.8558335534022
162.6720613408406,143.23921928753057,148.25669604599335,183.19210195648614,,907.322814329955,157.43557486231475,958.5113768795246,89.02050113895217,58.95500533861321,51.941839247118395,236.72564773331777,101.2970505095081,115.25549429630072
162.62195464665507,143.01497205535097,147.0698528416825,182.98599102192688,,911.2818935684645,157.90621547971037,997.2221858065956,89.60769425461909,59.87617527237293,51.82711782390776,239.5598158591135,100.84424343150282,112.7834603252267
161.99394819721047,142.63965648613535,146.2786199753903,182.9447965520679,,916.3898177151294,157.74328937999144,996.1538532076503,87.99291318653505,55.803628741913336,50.62250061457346,239.8141820499278,99.9388932551735,109.3838255045518
162.97902936393749,143.39247747740296,146.87205376780054,182.57390773807282,,911.7386961867073,158.394956951087,953.9886239695443,88.32194381169323,57.06417838383951,51.42558814649026,239.74150352040417,99.71248971617086,109.3070957226711
160.26498048687418,141.28323958321272,142.1246565700475,182.32663697997071,,906.0769755659761,155.92408910628737,907.9772343539846,87.37366067662195,55.56120825694877,49.217115435743544,236.25326327896937,100.27840753620116,111.54694433688522
162.60943275245762,143.2593848388296,143.21261242767218,183.85152529107452,,942.137324669929,159.9366046591193,922.8988411702292,88.73871593689361,57.25810679778098,49.07371287403354,242.61198492340642,101.86288640480974,111.62468508548665
164.40887674212047,145.0119287900819,144.79506597000173,187.68436062692163,,979.5266078838558,164.89040144674252,933.6182491965939,89.62962962962962,57.16114259081026,53.06040677938084,243.84739865005045,101.52335391828682,111.39252565085033
165.141015646059,145.6241580783868,146.47644342978182,188.0140030015836,,972.5913993359765,169.28003346908667,946.0469893812713,89.83211001434236,58.13078964428649,51.11007683827595,246.31820877830162,101.9761336880492,112.01026520054891
165.01963930062448,145.59665100606802,145.88303401788116,188.59102007329602,,950.8720945276095,169.01454200143885,937.1083168212051,89.26347760060744,57.11265550355602,49.07371287403354,248.89801071328304,101.63659209877865,112.7834603252267
166.3422189714153,146.16193237025496,144.10274483090532,192.300202706934,,1122.189932008194,174.93678051176988,949.7150762120953,89.54695013920526,58.13078964428649,50.59381947607409,247.8079540456863,101.86288640480974,115.25549429630072
166.52622390523277,145.88928781495775,145.28956365470665,192.13535553486594,,1112.1124034589548,203.01838645341667,978.1339188332134,88.3185691386147,55.318797739521926,50.04887784458598,244.501418790579,100.84424343150282,112.08799298803851
166.65465456968843,146.00189981549306,144.10274483090532,193.37172664853452,,1071.2209914812486,200.02861518523548,1005.1994677084449,87.06656542647431,52.312862469509305,49.64732938244728,243.44767540018887,100.73112358673015,111.16135126071114
165.94442420124653,144.54093713255472,143.5092866579856,194.85540316662133,,1090.2132312335002,199.81138652357356,950.0355759917788,86.85396102252594,52.02195988105937,50.335686098792856,243.8110507227702,101.18378502077339,110.23372448888666
165.54819705752692,143.9904175820921,142.61919082551674,187.68436062692163,,1080.4263885387566,199.75104420567357,953.9529766559681,85.91242723361174,50.228107100794126,49.58998275938287,248.38931298172807,99.25981917938002,109.15265111441259
164.6085388230337,143.0295763257058,144.49833078841448,190.03346747520774,,1066.8604818790784,194.37488802053076,951.5669976247125,84.04117101155826,49.06452664960756,49.67602304409412,243.08433472768115,94.73251303012809,105.13524434125961
162.84667963335895,141.71163151362077,142.32246783418424,189.3328496707604,,1059.4961198761257,188.12379584667343,945.192323302115,83.09457521302623,48.62817276693265,48.155913311266715,246.10019051476755,93.94029180131906,103.28196736716076
161.90623758564115,140.67964367155767,143.9049335667686,186.901249943808,,1031.298483066366,189.24006427920762,901.0327464183382,82.23403357799714,46.05859137959494,48.069866764981725,241.9942953851213,93.26119952003033,102.35434707589218
163.91163327940953,142.20964185902122,146.67424250366378,186.86005547394905,,1035.852758595452,189.4633142829364,943.0911967369667,83.69526702100734,48.57969066344728,51.88447383933278,241.55827618308993,92.8083742365298,102.81766145899995
165.11126897831667,143.1866313107837,151.96968917532195,190.77529707267212,,1037.5969476506714,190.648966253416,939.5299431660371,84.78022441575972,51.87652852190985,52.630186571103366,246.53619239176203,95.41159620866921,105.90843946593739
165.11595274026837,143.14299179742568,150.87062799560275,193.20687947646644,,1081.0077602477484,190.84809406109693,950.1068706189311,84.1930313000928,50.519009689244065,50.04887784458598,250.78746190549245,91.90302406020048,103.82201153214923
164.74088855361225,142.69030667943713,148.17294899573022,192.46506720216013,,1107.6550478574486,188.74226317389545,947.827616166736,85.82637307010883,50.85838441364166,51.2534950539203,255.36575881452396,96.20379923198298,108.07057973432961
164.28671658346138,141.95095564626376,149.27198579493992,192.91837960218928,,1090.6976830149122,190.43175600564422,925.8902811281098,84.59967940605753,48.62817276693265,50.45041378357722,252.13186743886666,94.84565108039601,108.14830104126332
163.91711997198155,141.5677313998981,148.97226400093427,195.92692710822183,,1173.9341580275352,189.84043075244864,948.2905965198903,84.46469248291571,49.25845007978017,51.913158108619015,256.12878808681955,93.1479613395385,104.6719429192636
164.4276691421145,141.48530470896344,147.87319063096027,196.09180892660603,,1198.7403366544365,194.22404143272587,962.001444504136,84.85109255040918,48.53121852749964,54.5231542352095,255.91075249824863,92.01616211046839,103.35868418792964
163.15286384323124,140.5115448962762,148.17294899573022,192.13535553486594,,1225.290704336557,193.89216789122105,876.5313588018264,84.3853876655699,50.131147877592255,56.15799478360815,254.3120327491706,89.97890347209744,101.89100677056078
162.6838185392092,140.13752118269068,147.87319063096027,192.62993169738624,,1196.8992276716374,191.66567078210971,863.6395839235778,81.96574706825275,46.979756329585804,52.830963932959584,240.75889898351411,87.94168124471699,99.80558980349335
164.7674999684563,142.08784508004265,149.7715790061383,195.06144480854834,,1192.1511862156353,191.19201028673558,858.7606839203378,83.27512022272843,48.43424933676004,55.49832546733568,242.35761873259213,92.8083742365298,100.11446605889853
163.19280008289303,140.37514384694282,146.87405296958264,191.26987323519245,,1189.3410997417686,199.35282541809198,845.3347427426164,82.80097865519278,48.38576224950581,53.347218164374574,244.3560790565686,90.54489411410877,101.89100677056078
163.34784216219276,140.3724813639979,146.67421812315425,192.62993169738624,,1167.73261337081,198.9847501686252,848.1837564674436,81.64684046233022,47.61004360997105,54.26502085792827,246.28189550109508,87.60214875819406,98.72353138452216
163.1395390184135,140.41878336030084,146.97395210741468,192.58871990436924,,1198.9341765095962,198.04648881181242,863.6395839235778,81.0090272504851,46.05859137959494,53.00304450238209,244.9793992318252,91.80792765573116,100.4233487948596
163.77773503977758,140.97656566009843,147.67336797478666,193.70147296214483,,1195.6395643260737,198.24861808358176,865.918784035356,80.16198430777018,45.08893934234984,52.19997262439963,243.26754699221334,88.3650045231553,101.9687345580504
164.6312502891506,141.52328841535552,146.67421812315425,195.02025033868938,,1214.7287240059054,199.3799674921184,908.0840676138789,79.67096937484182,44.36169782253158,51.65502473133778,242.3371751891266,88.3650045231553,103.04980793252444
164.19900597189206,141.25032877331927,148.17294899573022,196.0988594519351,,1202.0349488379588,197.9499447859505,928.4900353599886,80.06580612503164,43.585979182996816,49.962828167514125,237.8715083445607,87.2174484379412,103.20425902133886
162.84356349785637,139.93868569601517,147.57346883695462,193.3608477052749,,1182.7519493029677,199.38902712605395,909.0099739797706,78.60963469163926,42.37391164455601,48.29931900376358,237.38770669093788,85.72565374568052,102.81766145899995
159.40753661268042,137.0506479089229,144.17637396971014,189.41982924736337,,1090.0193913783405,195.14420193555765,862.464363724321,78.71256222053489,42.13148617582258,49.24579657424292,235.11765908953294,86.98791355375455,103.82201153214923
154.3302526287375,132.76797319746163,138.4812576051952,178.67524440161006,,1007.3643620029527,184.78103030502794,821.8305017787318,77.14502657555049,40.240666696702185,47.89777680319861,228.53080136005005,85.03708550411108,101.11882909315962
148.2475274516244,128.02180589286246,131.78697919879306,172.90881548662614,,938.7596910686549,177.88130885194366,779.4515516804197,74.809752805197,38.25287055118889,44.169206882771945,225.1815425641072,83.54510875689783,98.87796951222477
146.24292512977843,126.36896326301306,128.88946535249218,167.88917059231082,,983.7209267940352,175.6035290588679,783.582618864398,75.16240614190501,38.058944629131844,44.02579805948821,223.2836367539222,84.00426044999979,101.4276988680089
151.9513508160643,131.36251304360636,131.98682623547623,177.18179762237924,,1067.1511677335743,189.65036257870327,800.7122398461025,77.68159959503923,39.41646346179762,45.6032669385275,232.40104133866404,87.33217946904401,103.66756692389075
155.64342654083342,134.34104374215286,135.4838324308075,182.1184645896027,,1140.116348270042,192.3625812812127,865.3490247627243,80.51126297139965,43.24659947483037,50.73722829935783,240.77417966600274,89.05357276472475,106.21731572134259
155.73817235402817,134.24618687936282,137.2822729071344,182.24294880339852,,1139.8255884873026,190.18134551399888,884.9002720892606,79.56466717286763,43.73142050968406,49.64732938244728,238.2808469898658,87.33217946904401,105.67627355074518
154.43126894772882,133.3187290629785,138.58115674302724,180.54202256012198,,1114.6318040783256,186.52180582074115,886.9658056812499,78.67375348013161,44.555631220241914,51.39689448484342,236.19688760910768,84.34854457078451,101.81331138585068
149.86374076199644,129.5301891300274,137.082438060706,173.48962632995298,,1025.0969384096406,180.34915681876478,849.8219570198547,76.73500379650721,41.64666264908446,49.04503173553417,233.6663234288119,82.83509444191691,95.7883709664615
152.60519442582623,131.89383593449253,138.58115674302724,179.8782684360194,,1021.7054802267822,185.3421936062186,882.0869056780098,78.40040496076942,42.76177345620783,51.941839247118395,237.72266895310952,84.44582563468452,95.09320821540072
152.78294797124286,132.08242322498052,138.2814227587668,180.45906195618818,,979.2635711925291,182.9014877134239,874.5370654965725,79.92238251919346,42.47087086775789,53.72008235722704,241.5928916066867,89.39300512102376,98.18309190562367
150.44084714533312,129.8853470251125,135.4838324308075,176.76695995639415,,957.2674790394947,181.2270942715677,861.5740503315885,78.4577744031047,41.258803329317075,52.314687786036515,241.70453414405264,85.71139884289514,95.86560623170256
154.214362975875,133.0335913184781,136.58288142027195,182.07697562605676,,920.0581371708993,185.4387192181904,883.7962921767393,78.90323124947271,41.88907067462688,54.29370512721452,241.48123174428386,86.86184049910729,94.47515111846295
152.07115953504965,131.10488237142474,135.18407406603754,178.67524440161006,,961.0465430044289,184.85343372095187,886.4316393817771,78.72606091284908,40.6770056280705,54.666563058493246,237.05279640387675,88.01240049103862,94.93867935991548
152.8737842770126,131.72461072411897,137.18237376930236,179.58788033751404,,963.9535494058757,187.4570472995754,884.9002720892606,78.46789842234033,38.6407323628407,57.19052203115934,237.61099176566987,86.28667428748699,93.08469600522334
153.55973555288847,132.5529264980622,136.9825267326192,180.37611867541244,,944.8643897260441,188.79054439377148,891.1681131519636,78.29410275879523,37.137769711603255,55.785130590755685,238.50411473956098,85.13611429555566,95.09320821540072
152.93172910344384,132.05177316243976,137.68194259999117,178.55077751097227,,927.2287332469359,188.02725182081147,901.6738003181224,79.78064624989455,37.428667316284326,54.92469017420074,246.17021831365543,90.31328380346294,94.24338051718077
154.8940437459543,133.89804754138999,142.97740146190412,182.45035897481202,,960.852777077513,191.61740797612381,903.027094064009,79.91900784611491,37.089290100002316,53.347218164374574,245.01654411079983,89.6229951425918,95.63394579987072
156.24246057706242,135.02812188531834,146.27456062055225,183.77784989985915,,1008.5271793491801,191.87081993185754,933.9387489762775,81.92525099131022,39.46494556528299,54.60920704306823,249.89161890081823,92.49930864631766,101.11882909315962
155.84231436721993,134.50213183749057,145.87489092769545,183.57040508212953,,1009.7868426947435,193.95854996507808,933.2977494169104,81.92187631823167,38.107424240732776,55.89985514475318,250.00326143818424,91.11873132457539,103.43640549486335
153.32325336781602,132.16163603117687,142.67765528738892,180.37611867541244,,994.3799009805102,189.84043075244864,928.1338882667288,79.75027419218763,36.84687459880661,57.10447548487435,244.86775669445922,86.86184049910729,99.26455411345185
154.0232941643385,133.17482894925584,143.07728840948138,182.98968085459296,,971.8992831178202,191.7079122460287,940.8832369119236,78.61300936471778,35.39239654293896,57.16184402344684,244.9793992318252,86.63185047753925,95.40218815970034
152.1259691085826,131.72517000308076,139.08072557371605,182.1184645896027,,954.1667067111322,187.86132425700416,929.2735154928264,78.06462498945415,33.79246220907748,55.81381486004193,246.6912341464002,88.35755847559562,93.62543358969332
151.814317323534,131.31717993902598,136.68280493861354,181.9939976989649,,950.2907228186178,187.76176035316368,929.7008485324046,76.50383869062685,33.06522567302808,54.20765858092953,240.4020378747828,84.79098361924153,94.24338051718077
151.30376815340105,130.6834223492757,136.38304657384356,182.15995355314863,,1005.4264070208175,188.7995856138169,937.0370221940527,76.42284653674174,33.74398259747654,52.917010479244574,238.5785777478786,85.94158002216336,92.85295132616476
151.2332918740745,131.5977252943048,135.18407406603754,182.28440312062835,,990.6976830149122,184.62716383924453,914.9216679492137,75.64498439213702,33.06522567302808,51.42558814649026,238.54132891868295,83.98565443384824,92.9301606691822
147.35172452291582,129.0747706345776,131.08758771193064,179.58788033751404,,963.8566294782958,179.47425765783052,884.7221985426307,74.17025225681262,31.222873346086466,47.58228114891863,237.27608147860875,84.56095718668297,89.0677947154307
147.53338757575747,129.45582078244385,131.3873460767006,180.21019746754484,,953.0038893649046,179.49837985387842,878.3831715336096,74.46553615118535,31.950122341558014,47.266785494638654,235.37817566842375,85.71139884289514,90.76721033130222
150.34766895858752,131.3559828709396,135.58374375889431,183.61192869199158,,1000.5814456372356,183.55615674860786,884.6153652827363,76.0296971230912,35.10149146260459,47.55360001041926,248.5891399565852,87.55213826272606,89.29953939448926
150.64443785106707,131.25361906659177,136.58288142027195,185.06388650767644,,1026.93804739244,184.4220146894967,854.2735239835167,76.45828060406649,34.03487521838875,49.38920226673979,251.00802694944127,88.47256258912728,96.09735739131703
152.8009565580123,132.86976196851072,139.78015363134278,189.04646322176612,,1028.1977107380035,189.13446061941013,881.6595726384318,79.36049945161562,37.671080325595604,51.11007683827595,257.63211618308304,91.69400676916725,96.94717212842518
155.59566172762376,135.32238139091416,141.7784289540981,193.44386027868282,,1078.0039078469656,193.52711251973278,876.6025447481446,80.31384459630473,37.913495826791305,52.02787953182965,256.77620738831394,90.54344677723593,102.12317916630889
155.03734774428113,135.43337069474342,142.97740146190412,193.94164122544368,,1049.709351109626,194.72484400212645,859.9003111464353,80.5450097021851,39.7073535908254,52.51546514789274,255.8458355852272,91.34883968186261,101.58214347626739
156.2831710712509,136.418253069319,147.37364618078098,194.14905139685717,,1047.480636344751,193.79562386535912,826.0684022226046,82.53437948198768,41.064869931606744,57.79282280885932,256.21797737644715,93.99488097884394,103.82201153214923
157.66134412879924,137.53510952454434,149.7715790061383,196.84559150312958,,1113.662826587258,192.83020202062983,807.4074139483836,82.86003543406733,42.42238876427252,57.534695693151825,255.6969788687392,93.18957910169352,104.8263616052985
157.7756661552126,137.80726569539604,149.57176854021944,195.43515729730672,,1098.1589649454447,194.17274033487132,785.9330592629117,83.24981017463932,42.66479928169936,59.62842819596672,256.10633483908117,94.57016552618342,107.76170347892442
156.89864606780023,137.78629667291247,149.27198579493992,194.5224174224544,,1063.275257769304,196.79445476747583,780.8048454263063,79.91732050957565,39.41646346179762,53.28985588737582,253.0548068011511,91.23370812986417,106.98950635985555
156.15866903161597,136.51876573907492,149.97141385256668,193.6512877732544,,1068.1202191528857,196.45052012794707,772.3646918521367,78.81548974943053,38.59225524312419,53.63403581094205,250.3009748711602,88.93271558446831,103.12653123384925
158.4780583914088,138.26913559182782,152.06960050340876,195.02026766184747,,979.554257047025,199.6424390817877,788.1410190879545,79.57647852864254,38.78618365706567,54.40843594278575,247.47271458292528,88.70271646015263,105.13524434125961
159.2023782804973,138.86781615035372,152.66910504269393,197.09450796124705,,959.2054340216299,199.78122457156863,808.4401535741696,79.703028769088,38.54377064775439,53.89235703543537,252.90595008466315,90.77359154551364,101.9687345580504
159.2454497730574,138.98532774968123,153.46837128687886,197.55081726762,,985.3682698499183,200.95781690811268,812.3219612651998,80.05905677887455,38.54377064775439,52.078388516373955,254.91548110717724,90.88858655629767,100.4233487948596
159.01914760120656,138.87700092879695,153.6682427040716,198.17309975133472,,959.2054340216299,196.18504707418938,758.653843867891,79.43474225934362,39.02859915826137,51.5225016539947,255.8458355852272,90.08328467914725,101.5044156887778
158.09279507413535,138.4857892335964,153.96795230782246,195.80847135342975,,949.2248253999703,193.87104715926156,748.1837496748915,79.34868809584071,37.574118610509295,52.926859934731866,256.77620738831394,88.35755847559562,100.19120232133511
160.72149433800092,141.0714225228885,155.6664936463173,199.25170886458045,,943.023280743245,196.64058830169245,753.9886103844401,80.60744115413819,38.88315035592084,54.15568125734404,260.0882520051348,89.8531308081219,101.9687345580504
162.49430779542396,142.3421673414643,156.56575655037247,219.33039238079002,,969.3798824984494,211.7886092780595,744.6224961039619,80.31215725976546,38.73769906169587,54.41899295610524,258.8229525899501,87.66728802021974,100.4233487948596
162.18343982359997,142.15141382964535,156.66566787845926,225.0552630395958,,998.4496507999406,215.0408705498001,766.5954241157473,79.65747068252763,38.058944629131844,52.25394112843327,257.52043899564336,86.86184049910729,98.87796951222477
161.7692040931109,141.81568890919098,148.77244134476064,222.73210628207872,,998.7403366544365,213.7465950415445,749.1097103812001,79.37737281700835,36.84687459880661,49.82556507885263,259.2695054143772,87.55213826272606,101.58214347626739
163.68455685303195,143.4135252715713,151.0938315604233,223.93518228596218,,1025.1938583372207,215.09215323376455,758.4045843749429,78.86779718214798,38.54377064775439,48.479714943107965,256.3668340929351,88.93271558446831,103.97644965985182
163.61093576210925,143.22220460362206,148.67150603527324,221.36312639348566,,1018.6047078984195,216.28986630226805,753.6681106047565,76.9897916139374,36.89535670229198,47.2216426787864,249.51945978456143,83.98565443384824,99.96004089230775
162.82398728463775,142.47800123466737,149.4789519404082,218.37619818870792,,1050.1938028910379,214.44652541862598,736.9301753490539,77.39643971990213,37.380185212798956,49.91333981948885,249.3333715639146,86.05653862195688,98.10586312093852
165.20679860473598,144.5317523541115,149.4789519404082,224.64047734308488,,1063.37210376864,217.87073559624085,741.9872032393409,81.0832700582131,41.11334954320768,51.93210876153209,258.4135792945713,91.34883968186261,101.9687345580504
164.62107983462687,144.12384106174147,147.86403574962875,225.6775628464686,,1105.1357211663217,219.66581367389702,824.8931820233478,80.50282628870328,39.17404297683305,50.90809725426235,258.00425797430296,89.6229951425918,101.5044156887778
164.43470434373995,144.09036309571778,147.05661422500333,225.59456759621867,,1099.806234073084,220.6131346646453,825.3917553496611,81.0714587024382,39.31948679540472,49.59151058337454,254.3572510953105,88.8176932654414,100.80993987664262
164.37754333053329,144.46867198895433,146.5519742483306,227.83474642664393,,1105.2325671656577,221.37038748164827,827.4928819148096,79.16814308613853,37.913495826791305,45.84654160133236,249.74276218433027,88.01240049103862,97.56512553646853
162.7629072053082,143.01796537937193,144.6342643193437,224.68193166031472,,1064.5349211148675,218.6943704871008,802.4572736584082,77.94651143170506,38.349837250044054,45.173616533460034,250.63590248325815,86.28667428748699,96.63809497578703
163.00877603167982,143.24164545542126,144.12959996216145,221.9853915540423,,1092.0542662880555,219.72917586977553,771.01139810625,77.91951404707669,36.89535670229198,44.99807018297445,249.77997636345225,87.66728802021974,95.17042403897406
162.4825697144511,142.7900158780085,144.43240589062367,222.56621972052724,,1093.6046894163587,221.8651687089819,780.1994388400984,79.41449422087236,37.428667316284326,44.82252696327574,254.171232174811,90.42842445820901,97.71956366417112
160.2093775414188,140.73998278208515,141.70727443701136,221.19717053930196,,1055.4263700566955,220.60709490868828,758.3333440882076,79.109086307264,36.7499128837203,44.03257621305781,252.16168382726002,91.46387110363715,96.40633733561666
158.4138526178788,139.1039106439215,140.49606291341726,219.20594281331032,,1004.36050960217,216.31400691220608,737.8561360553625,78.48983379735088,35.246942756829554,44.9688161104782,251.34295456153927,89.6229951425918,99.26455411345185
160.7747362850847,141.02181211582555,141.70727443701136,223.06398334413,,1078.9728853380332,219.92226392149936,763.2122440914476,79.04665485531089,37.331700617429156,44.03257621305781,253.42693126733425,87.66728802021974,101.58214347626739
160.55939793968003,141.0741637775182,142.817501890099,221.22641203010173,,1134.6899412492246,218.81805658698914,762.1082641789261,79.72327680755926,37.62260320587909,42.48192565433133,254.05958963744504,89.73814490008552,99.80558980349335
163.1544314696804,143.07184521174892,145.94638677191568,224.90165859710655,,1168.8953567887938,223.2529499512308,787.2863530087983,80.04049607694255,37.913495826791305,42.68672920810002,256.03188915580034,90.42842445820901,99.80558980349335
162.97119123169176,143.03627191891053,147.05661422500333,225.27755380378008,,1164.9225268969433,222.77324969989962,789.8860529002602,81.2266936640513,38.010465017530905,42.833018355302485,256.77620738831394,91.46387110363715,101.9687345580504
163.39012984152825,143.51967799395618,146.85474360602853,226.32162053986065,,1211.531031749963,228.0740010050301,775.462965069912,81.2452543659833,39.17404297683305,41.69197177332652,253.09203830530996,90.77359154551364,104.43977052351549
163.5897919224415,143.6770480657731,146.85474360602853,226.57221734430962,,1194.8643527619222,225.75097828394698,777.2435918553767,81.47135746224585,41.210313750178415,42.33563650712887,252.60818467657663,91.46387110363715,103.04980793252444
163.56866720016944,143.68673698299878,146.85474360602853,224.23343509822536,,1203.1008462566065,225.71175669800652,817.8062678546478,79.08040158609634,38.30135265467426,41.13607864937354,244.12347311201924,87.09198526738501,101.27326722086221
163.66576445303792,143.68673698299878,146.65287298705368,225.2357357002311,,1215.503935570057,226.34832487920949,824.8219417366124,77.40318906605923,36.84687459880661,38.91250615356159,241.89058771462578,86.86184049910729,103.51312231563223
162.90619208623934,142.93278167947062,144.6342643193437,226.98989600821605,,1195.0581926170819,224.03734484226015,820.0142276796906,76.13262465198683,37.18625679885748,38.53216251088105,233.44303835407993,86.28667428748699,101.1955523944844
164.64612362302177,144.29137268089266,146.95565453500637,230.62339376430407,,1214.8256439334853,231.41072679071857,844.6937431832494,76.00944908461993,36.31355650916097,37.5666591486038,237.57377758654786,87.42222384857979,99.72787497711553
162.83572536561064,143.01150610122147,143.92775372369618,230.58161030707117,,1249.3216713993065,230.00484469448872,826.175235482499,75.78672066143592,36.45901278715479,37.85923431222185,236.68063728761996,86.61495577794174,99.96004089230775
160.4952017248479,140.97873975859787,141.1016747703417,226.36342132025158,,1228.7790824469953,227.0361757443769,828.7393424008018,78.28060406648106,38.68921945009493,37.654433889240025,243.1558698047737,90.76691923150236,101.58214347626739
163.78947312075044,143.96292626411028,143.32216624728127,233.5051357533612,,1268.701516933634,231.34134325277316,820.4416150596858,76.53927275795157,36.45901278715479,36.133043664583525,238.31807849402463,89.03689653107033,97.64236080170957
162.644666112772,143.0182016944262,142.51469596163676,233.08752638208702,,1214.7287240059054,230.26731628415797,823.1125552378829,76.30642031553194,34.85908592894661,35.72343655704613,234.26175029476383,86.96095121528053,94.62968645450407
161.58911822541626,141.70736208830667,141.00075165110906,233.00395946762126,,1230.4264255028784,230.00182481651018,807.4074139483836,74.99029781489918,34.5681858323811,34.085014388470285,233.1080934169451,85.92297400601183,94.62968645450407
160.33858246040117,141.09675549670786,140.1933057459741,229.62104119282415,,1203.4883781104384,226.75560330072662,799.5726669604219,77.79971315278831,37.089290100002316,35.343089783578726,241.89058771462578,91.57430563785957,97.33337437685404
160.69956668510858,141.76180907681396,140.8997919611121,230.83222443467824,,1190.9884427976517,226.1069740214997,808.6538744343758,76.99485362355522,36.11963307898835,37.06928669279079,238.54132891868295,89.9150476974873,100.4233487948596
157.57833639657736,139.2649987392592,137.66999615031753,225.77871276636196,,1152.2287517289967,222.91203518968055,772.8632651784502,76.37391377710284,35.14998353362768,35.72343655704613,236.7922971500228,89.56244366537062,100.03675771307663
158.32770963275865,140.0981510946468,137.4681377215975,230.2892993380215,,1169.2829625708696,225.59711181816357,778.4188120546336,75.5032481228381,34.956052627801775,36.45487290069783,231.54513254389494,87.2116863986927,96.94717212842518
160.00892208858312,141.35978990646413,139.99142293674453,230.53987881931243,,1149.2248253999703,224.27871411386008,787.3575389551166,75.7141651902472,35.97418427664781,37.68369109252314,232.43825551778602,87.09420633780624,97.33337437685404
162.33144670127425,143.16807270185382,144.93705805755118,234.42395605669142,,1188.372122250701,228.71058760012323,835.1495553561414,75.95714165190248,35.343909455684724,38.76621700635913,233.14534224614079,86.38896186258236,98.18309190562367
159.88989718282232,141.1253023552655,141.1016747703417,232.62806426094772,,1187.1124589051374,226.09791438756415,831.1609687456336,76.37053910402429,34.907565540547544,37.27409024655948,232.8104146340428,88.62210252715941,99.96004089230775
157.0443015058008,138.1626677827039,139.28488796058744,226.0710410585697,,1143.6046524522367,223.04478092350445,820.7265218662103,74.09263477600607,34.03487521838875,37.71294829580626,231.09856239443096,84.74342176288545,95.01588870293294
158.2658552989024,139.15536430840785,138.57840174544944,228.99460115117583,,1130.1356657201386,225.59711181816357,828.2051217609121,72.89293849658314,32.192530367100424,35.95749731409795,230.94974032801665,83.09789076593613,95.01588870293294
159.66124357129777,140.49153688834673,143.32216624728127,231.1662842146447,,1126.3566017552043,226.26988170732852,818.9102477671693,73.34851936218679,32.91977188691868,36.71819399181963,229.9821370207711,82.98040160230204,95.01588870293294
161.64392779894922,141.98652893910216,144.93705805755118,233.12922322352964,,1144.961309653624,226.36340585521194,818.0199343744368,74.26811777609043,33.598533795136,38.678448527296645,235.00603387720375,82.74527763107183,97.33337437685404
161.0339299362741,141.38688736602217,143.12029562830645,233.67221761281857,,1134.7868611768047,230.0440662804292,815.3489941962397,73.84459630473297,32.4834279717815,36.98151508294143,234.93160551895977,83.56799306443453,97.02439443255443
162.74568243176333,142.94133628443572,143.62494779523396,236.1780643952022,,1154.263626638712,234.2949128129924,844.6937431832494,73.65898928541299,32.43494586829613,37.21556957841951,230.91249149882097,83.92074274051325,96.94717212842518
161.57110963864682,141.99669048643642,143.01934812856427,235.17569450056425,,1130.9108772842903,232.60543839513375,847.8988496609193,73.14603897747406,32.4834279717815,38.122555403343654,224.9582574893752,82.627806672933,98.56908677626367
157.60104786269426,138.32712730614938,141.00075165110906,228.8692681026352,,1065.503898605935,223.80807349646443,795.6196733230735,71.1060491014933,33.30763619045493,37.12779796857015,213.98014394853357,79.92442716864315,93.00748018164998
157.918176781617,138.40553664116118,138.47744205545249,229.913404131348,,1043.2171205984048,224.03132350019325,795.6908592693917,71.57512865941112,32.38646127292633,36.630419251183405,218.89238094256345,80.27703120075984,94.62968645450407
155.8470172465674,136.37163598627703,132.32069293308987,225.73694663228713,,1140.3101141969582,224.345077773827,780.0569582666276,70.48510925504092,31.02894493214499,33.9387283720547,217.32942006951325,81.21740874996154,93.08469600522334
152.1533738953491,133.2063691318344,128.18249152716342,217.88520791990535,,1110.0775285492396,219.14691025051548,767.9843108347932,68.66616046570488,30.35018800769653,31.919959430011446,208.5841226259177,79.92442716864315,92.69840302901183
150.50427866433637,131.8540719880248,126.56757533638398,218.55348338826076,,1079.360491120109,215.5507143392461,751.4245034661375,68.52611153294525,30.398670111181904,30.837433516175462,211.93338142186056,80.74714260200585,95.01588870293294
150.63269977009418,132.27448434676649,128.88900212281095,218.4281503397201,,1114.0504323693337,216.02137337053185,740.2065764538761,67.40909474394668,29.525987264676402,29.959704894534433,206.35130652867159,78.74913501140665,95.7883709664615
151.80805637643527,133.22347834176466,129.69643583769115,220.43287280583797,,1129.6512139387269,219.05036622465352,747.7564166353134,66.67341601282376,26.810949599344852,27.53132884495379,207.80265951442948,78.98412244142246,94.08896183114588
148.0180995855731,130.2808360227956,123.13593328712413,215.67172407604556,,1032.5581464119298,211.35417036862583,713.3546940984337,65.71163418543829,25.550394973649816,26.33177411798533,204.71389997234058,78.51402014292405,95.01588870293294
150.48939577176733,132.11702762609633,123.03498578738197,221.81110326083333,,1037.4031077955115,215.62613763314852,734.2592351708568,66.64979330127395,27.58667322264848,28.233511116109238,209.03069277538168,78.98412244142246,95.01588870293294
147.23896056425377,128.96337959515606,120.81451869095193,212.95704662328774,,1008.1395735671043,209.51082948498376,730.021389067401,65.078882983211,25.065573938796128,27.41429690103445,207.6537681478678,76.39840505297161,94.24338051718077
147.3172654171282,129.1887453852593,120.61263588172235,211.1611721507021,,1045.4457614350358,211.725247082181,729.0598353879332,64.21496667510334,22.59295426654472,26.858406907868332,203.56024309452187,75.81067249825091,96.25190568846995
145.59455865389063,127.1780036056951,120.10798371479486,212.12174126494912,,1043.9922582343127,210.7176021874228,707.6210736756204,63.51978402092298,21.477845951305788,26.946178517717684,203.85795652749783,74.63533937865009,94.24338051718077
146.3509862090931,128.113196801523,121.21825992890156,210.82700843178733,,991.7635804335596,213.17338905622,712.1438809260178,63.641272251750614,21.817228151356662,26.741381225522726,205.19764965085287,76.04577371261205,94.24338051718077
149.3195258579983,129.81379870384345,122.53035800096401,218.38636688248724,,975.9690329372505,218.8029756109867,721.3319216598661,64.17109592508226,21.380886728103913,26.419545727834688,213.1614493328865,76.04577371261205,93.31645364539371
149.06346745970723,130.40844615210955,123.74153295379382,217.88520791990535,,947.9651620544068,215.11929530779094,689.3162324946592,63.2700582131106,20.362743865777936,26.18548027460257,206.01637891657361,76.75101818783592,90.53545269113185
147.44411889643686,128.61153011083098,121.0848132099452,213.91759841437667,,883.2364750126234,211.18220304886142,669.7649851681228,64.75322703113136,22.156607859523106,27.53132884495379,212.7520933625445,74.40024271566276,89.60852581934479
148.25927509129514,129.6212570747804,119.65428681280181,217.42579776824022,,914.8256439334853,220.5256502727189,675.5697915372543,65.18181051210664,22.30205666186364,27.297268087901976,214.50115978127835,79.10173904352334,92.46674259717999
151.93020697639653,132.8208132435998,122.00444602971936,230.0804340213312,,889.9224714507606,224.14294850205766,680.9116718936488,68.17852020585505,23.46564209681908,28.438314669877933,220.97637497339525,81.09976483961778,95.40218815970034
151.86286594996824,132.68271072587555,123.3327937113889,228.49339021911973,,911.7247976768789,226.8732680585481,701.3532869533345,68.45524339829579,22.88384688745693,27.794649936075594,217.62713350248922,81.80493649286062,98.10586312093852
149.01648645972213,130.2980161272421,117.61066374230582,221.35169310916822,,886.5310132679019,230.68969409556775,650.9259233472719,65.12444106977136,20.84757611411156,25.161473463513122,211.26352619766462,75.81067249825091,96.56087267165778
149.76038256202926,131.7751033740512,117.09975797468182,217.8434417858305,,879.2635711925291,219.31585769230134,617.8062542695436,66.79996625326922,21.768743555986863,26.361031321268452,213.94296441948524,79.92442716864315,98.87796951222477
149.989026614856,132.41975508780405,117.81503336350826,217.17525293326537,,869.2829625708695,213.60178820969665,624.3945951119301,68.88045220619252,22.93233148282673,30.252280058152486,216.9572956033301,84.62579605803694,99.65114519523485
147.21704247005928,130.71285932787114,116.99757925920797,209.490596080341,,802.2287147648749,206.22840626123823,579.0598523693135,68.49236480215978,22.011159057182567,29.930450822038186,215.09656932219343,81.33487060535273,102.35434707589218
145.0096236970061,128.3718042425957,115.87356462797658,207.61117201644765,,857.0736391843349,206.39433382504558,511.6452940146001,68.12958744621615,20.896056971654716,29.842676081401958,214.64999917272948,82.04010597782899,100.57779340311812
143.225836854439,126.31846273591233,114.13650208441166,207.52762242513992,,836.7248161589398,206.08962077145728,535.8618291650045,66.34269805112629,20.508193914060687,28.87717898069845,212.0822554633854,79.92442716864315,95.32486216667667
146.02132583727501,128.84851472443657,118.01935422369165,210.9105753462531,,846.8992646357592,205.87543040166403,537.8917154434174,67.16949295536995,21.57481763392982,29.988958967030687,217.66434768161122,78.63151840930578,95.40218815970034
148.4331095705889,130.6438159461775,121.28918283114767,214.90668144678514,,862.8876519872282,208.469984346352,552.5997100802899,69.09305661014089,21.526333038560015,33.03174567791742,219.93437795797934,81.21740874996154,98.3376207611089
150.87935240969037,132.72022180215907,125.37640459163013,220.5012299875299,,918.2171021163438,213.71945296751807,600.7122262609982,70.24550746646419,22.689915981631025,34.84571106619197,223.65577854514217,80.04192543502487,99.41899872171035
150.17539254704505,132.39434334229992,125.27426244692059,219.53373161006022,,876.8410905007382,210.385728645918,593.9102732392397,69.98734497595545,22.253574558378272,33.67541041171977,230.3543134620647,79.92442716864315,100.03675771307663
150.17148303962006,132.22140798557407,123.63936642857473,217.9773151512931,,864.6318410424474,211.45975561453318,593.2336263662963,70.09702185100818,21.623299737415184,34.611653439927025,226.40961047513306,81.0645098980547,100.19120232133511
152.34209126721188,134.06591000161717,128.3396970526646,221.46871104184157,,890.794602942492,213.13416747027952,632.9772292595703,72.95199527545769,24.43529662594861,38.444390901031696,231.61957822717577,83.85970881766778,102.35434707589218
150.444766211456,132.54235533796717,126.90914627501166,215.28524441979937,,863.5659436237999,209.93318888250334,631.0897692142111,71.74723698641694,23.85350390847089,36.220818405219745,230.50315285351587,83.009029743592,98.87796951222477
151.11270890056238,132.97156649389672,123.43499680737227,216.04240501214397,,887.6938306141293,211.05247719301605,637.4643891963915,71.01155825529402,23.611088407275187,34.26056073895587,231.91729166015173,82.03668334472087,95.71115514288816
152.82757753155423,134.68401565760533,126.60258574808059,219.15520328336208,,915.9883873514689,212.91995868659615,667.4857307159275,70.67915295705728,23.708055106130356,32.241791796912615,235.27838345625304,81.67207278848291,99.88231310481814
152.54177246552084,134.22167313106496,127.42003985238088,215.789989276099,,918.5077879708398,212.7148095368483,677.8489916490327,70.18138867797182,23.611088407275187,32.18327739034638,235.0874095752187,83.009029743592,101.35000348329879
151.30298434017647,133.22573121194884,127.82876690453105,214.02333897115514,,905.1357211663217,210.51245303767502,683.5113717851106,72.2078798616384,24.920125136455592,34.55313590257392,240.05269583203793,85.07514409194357,103.51312231563223
154.91440377239746,136.03745499084397,133.75527868507135,221.174286647509,,952.5194375834926,216.86007082350415,663.6396246788906,74.44866278579264,25.74433335512902,37.478890669541315,244.445077770791,86.64048898503817,103.59085658367775
155.5486711689408,136.31364427195547,135.0836629375052,222.73066845995996,,945.8333672171117,216.8721319215281,670.7264845071735,75.74959925757192,27.392744808707004,41.6041970326903,247.2714842800845,88.83404180018121,100.8866761390792
156.09289563163685,136.67323701289266,138.3534549741969,220.20677094688122,,948.9341395454744,214.93224701202408,697.0797935363024,79.63047329789926,31.853155642702845,45.700255584916775,249.56313620242295,96.14545972243538,111.77911673263333
156.60892193564396,137.18035336505153,138.8643607418209,218.86070959639724,,984.3023724312708,214.470666028564,715.9543939898955,82.82291403020332,35.004532239402714,48.42119740575486,254.52840513420537,101.38522882578013,116.79988853443848
156.74752305462337,137.72223953886427,139.17087250773287,214.65428303389822,,925.2907043365569,209.725019854777,731.0897216663462,83.09457521302623,35.73177126733654,51.43472378257161,253.80272864132644,99.92294524132932,111.62468508548665
154.9856638649486,136.83616836565375,135.1858172724695,217.2622671561845,,932.4613004125935,209.3660042392458,721.509995206496,82.85159875137096,36.21659977784352,43.97405867570471,251.5874801314312,100.89784951228388,113.24679415000219
155.76871239369294,137.12864763117395,134.77709022031934,222.26796690826407,,949.6124311820461,212.76609222081274,743.3048496716515,82.11423268370876,36.84687459880661,42.423408116978216,251.28190113173204,99.55737889659042,110.85148996080885
155.79298192756113,137.08647327115253,134.3683631681692,218.94488282139503,,943.4108865253208,215.052931647824,730.6979815999273,83.64295958828988,38.54377064775439,40.96053542967483,255.10136142738205,102.84753061572623,118.96303328899553
158.34728584597727,138.84635874342464,135.7989139458221,223.23539599310158,,946.3178929267674,219.27663610636085,738.960115967884,83.75769847296043,39.22253504785614,40.580185525420546,255.02497533997567,102.9694710229504,123.21160797173181
158.14761420636617,138.9739688727386,135.59455651487443,223.6560369170357,,950.8720945276095,220.38384490495946,766.2036840493283,82.45507466464186,35.87722006967707,39.322106999525246,251.74025230624392,101.62898220176166,120.89403157002808
157.85710626098532,139.15463960890804,135.1858172724695,225.4227218682957,,948.2558479089028,219.732195747754,777.5640916350603,79.52417109592508,32.04708654852875,39.43914207423146,252.80970950504363,95.90167903821096,115.02333486166442
158.74116155002315,139.7533989391187,137.9447035415372,228.61964139503738,,962.6938121320684,222.07333773670825,790.3489789129974,80.59225512528474,35.05301185100365,43.359654275972346,253.42079820429458,94.1956420777786,117.88194695340965
159.7880970506064,141.00955524167665,137.63816739511566,229.9236247946015,,966.2791101700867,222.58319994004435,806.1966007759676,85.9090525605332,39.27101465945708,45.349159753158744,264.91736347242943,102.72571764696887,122.20725141802664
160.4920664719496,141.9840397538637,139.37522993868058,225.00209826751964,,979.8450168297646,222.5288789642113,828.8461756606962,85.7420062431452,39.36797139077453,44.85178416655886,260.4867971524916,102.23832012797736,125.91577545521855
160.65024380414764,142.1580148968284,139.5796117501378,226.55848007997062,,979.2635711925291,223.8834967903669,848.7179771073332,86.34438538766557,39.07708126174674,44.325148245889,261.4416145825528,103.82243488668081,124.13824969905917
160.50929124549452,141.82488944197112,138.8643607418209,227.44183987875869,,967.4418535880702,223.47921983293816,834.1880560170907,86.07103686830338,39.31948679540472,45.14435933017691,263.2368002493419,100.16672592555373,126.30139445361624
159.4842738391057,141.1797493437728,135.49237779940057,227.02121627798263,,965.0193728962794,222.66766445399227,792.6638263383518,83.84375263646334,37.71956242908097,41.31162499985911,266.1013738147834,96.14545972243538,125.99251819821104
159.42397757300074,141.28574452278812,133.4487547289046,228.0307579600561,,953.1008092924844,221.83498834308688,811.0755007792076,83.78807053066734,37.865011231421505,44.03257621305781,266.29236502085456,96.87659241191317,122.97944853709551
159.51090437134548,141.4443276785504,133.75527868507135,225.21240140632864,,980.7170743932523,221.30100394370285,820.0142276796906,85.78081498354847,40.919423621150635,44.3836657832421,266.52148863300005,101.62898220176166,127.3834399114756
160.917256470187,142.23254866494992,134.87929331630272,230.13394525656855,,1009.0116311305919,224.69203229133424,819.5513016669535,86.31570066649793,41.16183663046191,44.14960502619029,270.7993520782725,101.38522882578013,127.84678669736289
161.61729726670947,142.90648769109714,136.41199842891996,231.56416250889217,,990.2132312335002,226.42978792906897,808.0128205345915,86.47431030118958,40.919423621150635,45.46619482786495,271.1812651902675,100.28852068881584,128.07792220416667
161.28763689489142,142.6518345885995,137.9447035415372,232.32127113176264,,990.600837015576,224.74633485327723,818.2692482078021,84.45963047329789,40.28915378395641,44.325148245889,266.9034710451424,97.72954717289595,126.07022006347704
162.30873523515734,143.52024515008645,133.85746959079995,233.7515230304024,,1024.2248069179093,226.24272121941198,846.1182228754543,85.31511009870918,40.53155931761439,45.37841695644186,265.4902677904956,97.72954717289595,125.14260625276437
161.78799649310494,143.07055335611884,130.79204717531076,233.16262227226306,,1011.1434259678871,224.84890022120604,879.5940390464425,82.30827638572514,36.55597948600997,43.271879535336126,258.2715313175595,95.90167903821096,121.66621572798515
160.14673939433797,141.9922635177528,130.48548664837966,229.5030185169835,,1016.8605188432003,222.58922128211128,909.7934541126085,82.77060659748588,37.81653660358943,44.734755353426394,261.4034648514417,94.56122662801276,122.97944853709551
161.82950035921587,142.90157233796802,130.99640460625844,231.85856958006673,,1015.7946214245529,224.969584857006,945.2279706156911,81.15413819286258,36.7499128837203,44.091087488837175,266.4833215768521,91.88042193784025,119.50406897903703
159.89146480927147,141.49732526805806,127.93094562000489,229.08237759304942,,1012.1124034589548,223.33743287906879,915.9544619154168,81.8577575297393,37.331700617429156,43.915544269138465,270.26464946642784,93.83009393853497,119.27192250551253
160.33701483395205,141.77964298624403,128.2374817664264,228.9141004356861,,1005.9108588022294,222.99651811751855,890.5627065657557,84.86121656964481,40.04673828276071,47.51421471161758,273.4729517626796,100.04491295679637,128.61897085531996
159.8977257563702,141.61387585283148,129.36148420740307,228.4513988839902,,994.961272689502,222.07633920079667,890.028485925866,84.6452374926179,40.6770056280705,49.65001559758018,270.03543922909824,99.80117778631009,128.31009459991478
161.44267897419113,142.94351038293516,130.8942137005298,229.88158148999776,,1036.6279701596036,224.18518996597666,882.5498860311641,87.74487471526196,43.82838970042366,54.8285938020689,274.58059334266403,103.3350373676893,133.94961691813924
163.06358560521278,144.45212993515437,133.4487547289046,232.8260506343784,,1062.5000462051523,226.78878513071007,906.4458670614679,89.68193706234709,46.010104292340706,57.25697611322328,272.1743536266976,102.60389557546388,131.4775829470652
163.0917837639017,144.59853498845246,133.75527868507135,232.86812858529822,,1069.9612542074412,227.23530355205784,896.937326547936,88.43499535982453,44.41018490978581,53.248698563206766,275.00070816088066,100.53230137304026,130.78211560987702
162.93125499202995,144.36486666277534,132.2225857627089,234.08800805249678,,1080.5233084663364,228.98512028781647,906.3746267747325,89.81354931241036,46.979756329585804,54.41899295610524,278.43825534453566,102.9694710229504,131.3231383388067
163.99699245130512,145.2255260904817,135.39019908392675,237.49521339488945,,1050.3876427461978,231.2810009348732,904.1310739765304,89.24997890829326,44.79804672143762,55.73558275777991,281.5319698471594,103.3350373676893,134.48965460257182
164.50283874209066,145.62431562175632,137.33161905843934,237.20075435424076,,914.1472783686698,227.45553367780812,880.9472784519121,90.62684552433983,46.591899501702855,59.86090164407637,280.2715560923622,101.38522882578013,134.02633373890814
164.62811503625232,145.9685006211541,139.37522993868058,233.83562696276795,,937.6937936500074,227.07539733031737,890.2065594724958,90.49354593773728,45.9616271726242,63.66437564032419,275.87922612871967,100.89784951228388,128.85113028995627
163.78087029267584,145.22221767972175,139.06870598251382,217.809107286562,,929.263608156651,216.8480097254802,903.6680936233763,89.27360161984308,47.270668885573464,56.554790711280965,281.4937854659746,98.58263847509315,122.82501688994883
163.48409184149844,145.0083840642676,138.76213326532795,219.19724658796582,,906.5891504388011,218.16942730776222,896.7949003148824,87.50864759976378,45.23438565280594,52.839091455669376,279.2021335436362,99.07001778858941,120.73957400065778
163.79025693397503,145.11389085883744,140.49924456991195,216.3789246805545,,895.6395643260738,213.6410097956371,903.6325006502171,89.56888551421581,46.88280209015279,54.68231091644018,275.49722639154044,101.75080427326665,125.14260625276437
164.06040485291265,145.52712711709734,141.11910683466138,214.2757027377259,,882.1705775939756,212.94711917451266,895.5484398288902,91.9227199865013,49.694798978686215,56.90588967382586,276.9485967023352,104.43174550465359,130.31879474621334
162.54600123345438,143.82684030151594,145.5613697652913,209.90101634102163,,874.8062155910229,208.47602410230905,882.1581459647451,91.64262212098203,49.597834771715476,57.90064084702562,279.1638971873409,104.30994163864386,131.24542351242889
161.72301646504823,143.36610471734474,140.08600712349727,209.7747998114201,,872.3837348992321,209.07639057555008,857.407390174451,90.96600016873366,49.597834771715476,57.60806881419443,276.60488529656175,103.45681392545613,129.00554897599116
162.9860645655629,144.3140431717671,140.7058693882467,212.88759808263822,,902.2287147648749,210.6451987714989,861.1111243188514,90.37711971652746,49.306937167034405,58.13470473486431,273.77851343734187,101.2025093726441,135.78982261098358
161.57189345187138,143.1827557438934,138.74301894585014,209.39623683840585,,887.0155389775575,208.88028264584767,827.3504556817559,88.18020754239433,47.41611021226071,54.59453617580395,272.70903891350537,95.97491974562554,130.89339971582763
160.61265900415955,142.37895371824803,137.5033066066061,209.7747998114201,,879.7480969021848,209.88794595449596,792.5925860516164,88.67459714840125,48.09486962859359,50.90809725426235,275.80282271627647,97.44930088167393,132.72903013620507
160.5742712735512,142.4551889547604,137.60663120602823,210.06925885206883,,865.9884243155908,211.61664195829513,753.3119635114967,87.18636632076267,47.56155153894795,48.74303603422977,274.50418993022083,96.77909288207009,131.67978925232205
161.0840366304596,143.09984066851322,138.846306974508,211.9621603329303,,880.2325486835966,214.54004956650942,765.4202039164904,87.26567113810849,48.87059325189722,49.386700768032114,273.58752223127067,98.3876121071641,128.7069768044703
161.2054129758941,142.81977582051147,137.60663120602823,210.6161163056044,,877.325616210394,215.07707225776204,744.0170895177539,86.03729013751793,45.9616271726242,44.55920900294081,273.85491684978507,98.78978970286265,129.66930047259453
163.21784387128793,144.6140215016766,139.36286902034482,214.61222240613642,,900.0969199275798,218.17846852780764,743.1980164117568,89.54863747574454,49.500860597207016,46.431688797781604,277.9416851387653,101.87276288598608,135.96468097033363
161.65723350637126,142.86179263716338,137.60663120602823,214.73842161257988,,872.2868149716522,215.79810495291292,744.1595700912247,89.0306251581878,49.694798978686215,46.636492351550295,278.0563249075038,102.94501194007407,139.8987801973653
161.62983827830263,142.93746071754546,137.91655624327555,216.67336639804512,,850.1938028910379,215.20075835765041,738.1766358350461,89.8354846874209,47.46459231574608,45.173616533460034,277.8652817263221,102.94501194007407,146.4570250036048
160.2594937943022,141.44376052242012,136.5735436851189,214.8646381421814,,851.5503861641813,214.452565174583,739.351856034303,87.41078208048594,45.86466296565346,42.95005029922183,271.1812651902675,101.47058529028754,145.49470133548056
161.82950035921587,142.8584999807403,137.60663120602823,218.0194450716871,,863.5659436237999,216.16014044642267,741.7734823791349,87.40909474394668,47.270668885573464,43.68148351208666,273.2819778816452,100.53230137304026,141.47263504263395
160.30647479428725,141.40068816519243,135.74709317279905,213.95298962628667,,858.817828239554,213.06476551844398,728.8461688681441,85.78250232008774,46.05859137959494,44.26663697010962,272.32712580151036,97.31519010087119,136.75108346793988
160.33936627362576,141.37357495129743,135.95368142036946,215.2237472086979,,876.9380104283181,213.18545015424397,752.0299100523454,85.31511009870918,45.18590853308944,43.03781877828431,265.5666712029388,96.51102606717427,132.1174989590607
159.7450351167442,140.6377843982753,135.2305555074718,213.1481730261279,,867.73261337081,211.2817669527019,766.4174049095344,84.59124272336118,43.44052788877185,43.56445469895418,267.1707963635094,97.18127047776863,133.7782580589763
160.70662100412974,141.16643692904807,136.2636064576168,214.41893060853917,,896.2209360350655,214.1237115110567,784.4729322571304,83.89943474225934,43.14963526785964,41.34088220314223,268.5076828308972,96.51102606717427,132.90390145666694
160.37147393973967,141.10182839320652,135.6437807636317,211.91983985779768,,919.4767654619075,212.46439904520295,770.014251453623,83.23631148232515,41.210313750178415,42.24786802806638,269.6534741419927,97.18127047776863,132.1174989590607
162.56557744667296,142.82091013277204,137.29668178827137,218.52775849854646,,948.5465337633987,217.24624692695193,776.0327786829608,83.26162153041425,41.355765044403384,41.01904983624106,269.50068464214314,96.37692438911915,132.90390145666694
163.69943018690313,143.99421437729762,139.67276967708258,220.77273584375342,,970.9302316985088,218.8090153669437,781.9800656255632,83.49447397283389,42.03453193638957,42.77450081794938,268.66042035563623,97.04714149147064,133.25363113647887
164.36658906278495,144.16933958685985,138.94963157393013,221.619924888519,,1000.9690514193114,221.03851394014345,794.3019725503459,82.76554458786805,39.90128449665131,41.80900058645899,269.53888634836477,95.70667087577716,136.40134082701613
164.2013574115658,143.4754713244679,139.36286902034482,224.50033299440574,,993.8953752708546,221.96169432095374,794.9786194232893,81.78857673162912,38.980117054776,41.6041970326903,260.6777710335259,93.96418651384246,137.8003113907111
164.3877329024527,143.49540056071262,135.4371437550422,223.8648849105679,,983.6240807946991,221.48805223946968,781.9088253388278,82.70142579937568,39.65887148734003,42.21860769399639,261.5180526450697,96.4739869870761,136.48930789283105
164.85207532712732,143.8897631233036,136.47024346620628,222.29769344748948,,981.1046801753282,220.35670283093305,779.7721058005203,84.17615793470009,40.33762841178849,43.739994787866024,264.4971966791023,96.74269099430587,135.52698422470678
164.37205663796126,143.63567717693624,134.7139690811254,219.37487825067979,,965.0193728962794,217.92505657207388,779.8789390604148,85.41128828144774,41.54970342588258,47.51421471161758,264.7263722663582,97.1458061730101,138.937519340409
165.1770328195979,144.5493341941503,136.1603062387042,220.81514293467635,,976.1627988641666,216.17824130040364,785.8974119493355,85.09575634860373,41.016387828121374,49.4159517097415,263.1604141619356,95.93641512315926,137.45056874978735
165.3900197253289,144.6941165507423,138.22648128052288,220.68804292401393,,967.9263792977259,216.20842166629868,827.4216416280742,85.190247194803,41.79211394330943,48.479714943107965,259.7229016283542,96.20530118534158,137.8882654954142
165.9373889996211,145.23271006813198,138.01985646218816,220.43384290268918,,948.2558479089028,219.71711477175154,838.7464562406471,87.11549818611321,45.52528325748702,49.737790338216406,256.89652976913436,98.75806662737921,144.1836848764887
165.65234862941657,145.07250421566366,136.98676894127883,218.6547718934186,,940.7945659783701,219.80761904165647,816.8091212020208,86.25326921454484,44.507149116756544,45.93431321118172,255.90342400766735,99.42993132705135,145.144945733445
164.13245831738624,144.10577083725715,135.33385572638437,218.06178286997783,,908.4302594216002,217.04107936331397,779.1666448738953,83.39154644393825,42.56783009095976,43.739994787866024,251.89302448105667,94.99585551900499,138.23802109744975
162.8004920052963,143.03409782041112,134.09411900663076,212.38571154741797,,909.3992369126678,216.72430521170173,775.8902981094901,83.79481987682443,41.79211394330943,44.471437393091456,264.26807306695684,95.66769291043424,136.57622510858982
162.50763262024174,142.5689982849041,132.64783061007105,211.07263348987405,,912.0155574596187,216.69716313767532,765.527091516802,82.08554796254113,40.240666696702185,42.80376115201936,260.1048493904229,93.51790610588644,135.6149512905217
162.20850272939057,142.2895005930326,134.40406842438765,210.4796098201172,,913.6628265872579,216.8932526534876,775.2848915232821,82.53606681852695,41.258803329317075,43.88629019664222,266.7506815452928,94.32413646329489,137.71340713606412
162.71670045984982,143.039091945225,135.5404317837,213.44471084574343,,924.8062525551449,214.31075980682354,776.1039646292791,83.37467307854551,41.210313750178415,44.55920900294081,268.813192530449,95.93641512315926,138.937519340409
162.18657507649826,142.5717395395338,136.98676894127883,212.3433910722853,,915.2131757873173,208.6871945941238,767.3433112754259,83.5805281363368,43.392040801517616,44.7054950193564,270.4174216412406,93.1147545161917,137.27569742932548
163.1285847506652,143.6180008108757,138.63971872693756,212.0892603435927,,908.9147851312558,209.28757948125494,782.4073986651413,84.92196068505864,44.507149116756544,45.55396330692744,274.3514004303712,94.72714240902759,139.72390887690347
163.57099952244744,143.81853776594207,136.5735436851189,216.83338040901538,,881.68605188432,209.9603493704199,782.0868988854577,85.78081498354847,46.204037690051045,45.64174117835053,280.309740473547,94.05531412034597,141.03596222483964
163.3008516035098,143.42409643166633,136.1603062387042,215.98626065688205,,872.1899689723161,210.41892888979157,700.3561403007076,84.63005146376445,45.28287274006017,46.373180652789095,271.2194322464154,93.1147545161917,141.21085946752513
165.4832170294702,145.28126493461912,138.43306952809328,219.88320900069715,,888.178356323785,211.74938769211903,699.4301795943991,86.9990719649034,46.88280209015279,48.53823561124794,277.2923774082559,96.33955761010638,145.58265544018366
159.53909297133652,140.35828670640382,129.34196760951787,211.07263348987405,,856.9767931849988,203.7092571965626,687.856105488878,84.54399730026154,44.84652882492299,44.50069459637457,272.70903891350537,93.92102128459067,141.64750636309583
156.65199342820404,138.25695748936366,125.62286716254998,205.14243143862157,,826.8411274648602,201.60948447920822,707.0869073761478,83.09457521302623,42.56783009095976,43.301139869406114,267.59096315683655,91.77120717179999,138.32493831320852
159.43572521267146,140.43064637602595,127.99895505136121,209.42062784494973,,852.4225176559128,205.1634205126685,718.6253341680926,84.3786383194128,44.60411332372728,45.2321278092394,267.7055336254277,93.78661011311621,137.97519567228477
162.1513417161839,142.7291883830355,129.6518438857461,214.080072313791,,882.3643435208918,206.39131394706703,748.5398967681513,86.05753817598921,46.05859137959494,45.963573545251705,270.83755378449405,95.93641512315926,142.3469786838315
164.35093191568924,144.6272551447166,129.85846870408085,216.74867016611782,,886.4341672685658,208.8018394739667,755.9829036896939,86.9433898591074,45.67072956794313,47.601992583040676,271.60138000848406,96.33955761010638,139.8987801973653
164.6711865288124,144.78356967595772,131.40810608057222,216.70631504466908,,936.7248161589398,210.9468919471087,771.01139810625,88.13464945583397,47.61004360997105,48.6260072210973,266.254163314633,98.6237737916239,137.27569742932548
163.54360429437884,143.90636819445137,128.1022552702738,216.74867016611782,,948.7403736185584,209.66167607278865,762.0370238921907,87.47490086897832,45.04045723886447,46.98758505252145,265.03193394102055,97.95193640019465,144.27058913113567
164.41904719664421,144.53553339498006,129.85846870408085,217.63821433233215,,916.6666789880405,210.51245303767502,763.6752244446019,87.57614106133468,46.05859137959494,47.66051325118065,264.1534852733289,96.4739869870761,144.00880059491504
164.27574319831737,144.3521214041809,131.71803111781955,217.63821433233215,,921.5116403716225,209.78536217267697,769.0171048009962,87.7668100902725,46.34948898427601,46.87055623938898,266.29236502085456,97.81751612597256,143.39623252882632
166.78149849029927,146.37560844233957,135.2305555074718,221.5351799993053,,940.5038801238742,212.8837569786342,772.008544758877,89.66675103349363,47.70700781694178,47.367928695202,270.22639578509575,100.1017687184806,149.08010777164463
167.3499924868635,147.02243425459181,137.09009354070093,222.76361710658392,,917.3449706246123,215.73778104890303,800.4985733263135,91.04867965915801,50.228107100794126,49.32818323067901,272.3652928576583,101.71417481681175,149.95445141284222
168.52299765353084,147.99635161064856,138.94963157393013,225.3898251911459,,929.9418997932227,217.41217449075924,800.0355929731592,91.54813127478275,51.63410803694528,51.75656554183339,272.89996081942917,101.31104143261227,146.5449791083079
168.54570911964774,148.19356440061796,139.25954442092268,226.66054812724101,,934.3992553947288,216.30796715624902,792.485752791722,92.12520037121404,51.53714382997454,52.136909184513925,266.9798398075119,101.31104143261227,145.144945733445
169.43212540705716,149.27678534645008,140.39594435099937,227.634837182669,,949.8061971089621,217.50569863864268,788.9244992207923,93.61511853539189,52.99162686961105,50.76180497627302,271.67778342092726,104.9389597052312,148.64346087607393
169.2747318880837,149.35858186390664,140.1893317229194,227.46541669687392,,953.3914951469803,217.17382509713786,784.9002652967085,93.77879017970135,53.42797078474823,50.73254464220304,272.25072238906716,104.67024659525379,149.95445141284222
169.67799423342876,149.49167450248,141.01577004498446,228.56671914717398,,957.4612449664107,221.37642723760527,805.7336204228133,95.30751708428245,55.997557155854814,51.43472378257161,275.9555602410155,106.82004250254921,153.0152568487325
169.4344768467309,149.70106539491357,141.01577004498446,224.88152908744462,,831.7829348477779,222.33580932637756,802.2079598250428,95.66860710368684,57.11265550355602,49.269671954899636,277.67434249536143,107.49189809947373,157.38705282139102
170.1580129225948,149.99160687698864,141.94555734698122,236.82662610968902,,851.841145946921,223.61196556676205,813.2478676310914,95.4661267189741,57.30659388503522,48.304171723409254,279.04937869386026,107.2230393455343,156.07499947345482
169.5433121805722,149.36406437316606,143.8051319509747,236.36070245059457,,833.2364380485014,222.83963177375665,785.2564123899683,95.57242892094828,57.45203521172246,50.90809725426235,278.17086072602126,107.62619093522903,157.56191118074108
170.31540644156826,149.79656818551865,142.97865705814533,239.62232397267823,,832.2674605574337,224.07958630617918,791.5598464258304,96.18155741162575,57.88837912685965,50.17665151825005,279.5840986307417,108.70116171085778,157.82369971696173
169.80250583176158,149.16910445338084,142.87535683923272,240.2999885927004,,849.4186652551301,223.18356641328538,819.1239142869582,95.96389099805957,58.324718058227965,50.96660853004171,278.0563249075038,105.74507172692049,159.13576602600972
169.85731540529451,149.01334132393305,144.7552769784357,240.42707128020476,,885.7558756319941,222.77626957787814,817.3432875014935,95.81203070952502,57.59748650594743,53.89235703543537,276.52853385922907,106.41691822109736,153.88961345104184
169.65373425825842,149.00059606533858,144.54642134347822,238.01265612604467,,891.8605003611395,223.78695276450492,813.7108479842457,95.9301442672741,55.803628741913336,55.35522972273876,280.04243248021675,107.08877381802186,155.55037255095743
169.9262336168698,148.87298593602463,132.74454809140838,238.09738369210027,,888.081436396205,225.03594851697292,821.2606881656828,95.61629967096937,55.46424404997803,55.70632242370992,281.7611281093785,106.68562222832713,153.0152568487325
170.20343585482863,148.67851440068495,132.2223419576135,240.0882129854566,,884.2054525036909,231.9386898480357,836.1467020087682,96.69788239264321,57.5489994186932,54.126414661700316,282.7924355770671,109.37299910228704,155.63832665566053
169.98731369619935,148.4548343246356,130.34240962815576,239.6646444478109,,914.4380381514095,233.1726230383913,819.1239142869582,95.76647262296464,54.54307411621831,52.37096054920514,276.2229375344931,107.2230393455343,157.21219446204094
168.90591908982844,147.7229035841668,124.70257606901829,239.6646444478109,,906.5891504388011,232.6265591270932,809.1168004471128,94.76419471863663,55.07638223832622,52.63428790190068,274.9243393985111,108.02931521668089,157.12424035733784
169.43526065995545,148.0554776372307,126.68697888184643,241.3166500927352,,902.1317948372949,233.26312730829622,804.0954198704021,96.3081076520712,57.6944457291493,55.06265768990758,270.9902739841963,111.38841114635088,157.56191118074108
169.47127783349436,148.03168858843267,126.16477274805158,243.09568645568964,,905.4264070208175,232.78946681292206,821.2606881656828,97.18046064287522,58.227763818794955,54.887120731782616,273.85491684978507,111.25410010510033,159.7472972031541
170.9293233703663,149.5761965202293,127.31361892824742,245.51010160984973,,940.2131942693783,235.9904269868081,819.1951545736936,97.2935121910065,56.4823781907085,55.50152513151496,278.59104484438524,111.5228132150777,158.523197959921
170.77426217367085,149.46133164950982,127.20919720589607,245.9337221169696,,921.6085602992024,235.85165991091728,805.4131206431297,97.2496414409854,57.7429378001724,55.53077920401122,282.63966340225437,110.31356780918892,154.41422741242744
170.8408289455724,149.49167450248,128.56691121130416,246.52671114041036,,910.7558201858112,236.6058928499417,815.811974549394,97.34075761410614,57.59748650594743,55.5600395380812,280.42432826717493,111.25410010510033,155.55037255095743
170.35142361510717,149.19007347586438,127.94027116490318,245.7643189543326,,910.1744484768194,236.73259882780857,803.5968465440887,96.04319581540538,56.04603427557132,52.926859934731866,276.41394606560107,110.31356780918892,149.08010777164463
171.157967423193,150.14075318491643,128.56691121130416,246.95031432437213,,929.166688229071,236.78388151177302,800.9615536794678,98.37172023960179,58.66410275016327,53.863102962939124,287.22296724693126,111.79152632505512,148.64346087607393
171.0217177438873,149.8419091672675,128.7758034170259,245.42542601326832,,935.9496045947882,236.29212016241786,803.454420311035,98.36834556652325,58.17927174777186,52.54651316126445,288.06323153343817,112.19467791474986,151.0036922967252
171.49936587598393,150.32249521599866,129.82021568461568,246.1878528456622,,923.5465152813376,236.05680906066513,803.3831800242997,99.79920695182655,59.68224685843146,53.921617369505356,293.9069837829859,115.5681106719339,152.14088728531135
170.55970764149072,149.64468062296115,128.8802495198868,244.82391399606365,,921.7054802267822,234.45783891271134,796.3319131691759,99.30819201889817,60.55493468870582,55.53077920401122,298.9105237211373,115.29651199095842,150.39216111958083
170.87841374556047,149.82149154657728,129.40244346342692,245.33538023768932,,933.817883685737,235.29351648770515,795.0142667368655,100.09955285581708,61.86397141788623,55.940392573122345,301.9278867864283,116.6544416766023,148.64346087607393
171.2542808628369,150.01314305560248,128.7758034170259,245.50590940560002,,931.7830087760218,234.56644403659723,795.9757660759162,99.832953682612,62.44574669217293,55.35522972273876,301.18720681165007,116.79030018494963,148.9931905558859
171.00762822324072,149.6491233459817,129.40244346342692,245.59113934323923,,928.9729223021551,233.9389170754397,801.2820534591514,99.71990213448072,62.00941772834233,55.82335749841614,300.60241751831495,116.6544416766023,150.39216111958083
170.91129566620108,149.4623871900856,129.0891295353538,245.80424883365342,,923.0620634999257,232.95239291264102,793.910232483927,97.49599257571923,59.87617527237293,53.775328222302896,294.910796417217,113.39530301863496,147.06960603080532
171.244875104142,149.6066181448843,129.71576958175478,246.74195137926552,,929.6512139387268,232.9312721806815,800.7122398461025,97.89926600860541,61.427622518980186,54.85786039771262,294.482001755546,113.93846396959538,144.7082988378743
170.34750454898432,149.0756969895904,128.46246510844327,246.99769316165737,,922.286851935774,232.19514009563804,792.8062525714055,97.38969037374504,60.11858578979978,53.102409416004306,291.7531698537083,113.39530301863496,146.89473471034344
170.11494143003475,148.80894455631338,130.2379635252949,247.9353783841114,,943.023280743245,232.12573814380252,786.8946129423794,97.39643971990213,60.7488631026473,53.190177895066796,289.7259499685854,112.85197821821727,144.7082988378743
169.84636113754624,148.38135609708988,129.2980095508208,247.3386475585304,,945.5426813626158,232.164959729743,783.4401926313443,97.38631570066649,60.84582730961804,51.815067425252145,289.25822594914564,113.66687439136753,142.08520310872265
170.73432593400904,149.24919950244652,130.2379635252949,247.63702163289994,,942.829514816329,232.95239291264102,766.3817575959582,98.89479456677634,62.39727455622529,52.95612653037558,293.9362630952374,114.34593026166577,145.58265544018366
170.40076561346385,148.85645963656162,131.0734713969081,246.74195137926552,,944.2829440888084,232.0292125318307,752.6353166385534,98.8357377879018,63.46389578420999,51.63952733634031,292.3768711797752,115.02481317975905,145.23292576037173
169.99591652427392,148.42556276657814,131.59568972095775,244.90919590317705,,944.2829440888084,231.4137466686971,755.0213500102262,97.69847296043196,62.30031034925455,49.56224398773082,290.15481393040375,113.25943540754002,145.05802851768627
169.9888813226485,148.5741419183757,129.92466178747657,245.46327711362235,,943.6046524522368,231.93568838394728,714.9928946508448,98.26373070108833,63.02755186907281,51.02512606739482,283.80054482043334,114.98467006271976,142.08520310872265
170.70301163981756,149.16023476167666,130.55128964362277,245.80424883365342,,943.6046524522368,232.74422388491467,704.3447269112153,100.59225512528474,65.79105668658313,53.365721114765506,283.80054482043334,115.39294649932903,142.3469786838315
171.21199318350136,149.53255700687134,132.3267880604744,245.5485416975777,,969.8643342798613,235.3448175855597,722.329068312493,101.45785876993165,67.77885283209642,53.453495855401734,285.047982122641,116.48161691013786,142.78468839057015
170.80637939848262,149.06303050268073,132.9534159166206,244.78129902724405,,965.6977384610949,233.90875512343476,702.8490069322748,101.63165443347675,68.94244823458959,52.04912818230396,288.0887513126964,114.98467006271976,144.53341455630064
166.61785358292497,145.88122159443816,129.2980095508208,239.5813720270321,,935.0775470313005,229.18422968160726,692.5569862859052,97.86551927781996,65.50016406567092,49.32818323067901,277.7190584154331,109.67773178462828,138.06316273809966
169.06331260880188,147.81405817777303,132.64011417880226,243.16167036472783,,959.7868796588655,232.0080917998712,706.1965939834155,98.85429848983381,67.63340153787146,51.17140582223668,279.90220363207266,112.80746578231653,138.84955227459412
166.55598969037084,145.73038957245643,129.2980095508208,240.94531087663063,,931.1046432112063,229.19328931554284,698.183773448824,95.87614949801738,63.07603895632703,47.601992583040676,276.7834717762589,111.31065547611286,137.71340713606412
166.4581086242778,145.47242805919882,126.79143717496208,239.79444687113016,,940.0194283424623,230.03802652447214,699.4658269079753,96.2777355943643,63.56086497494958,48.684521627663536,275.49696651598794,110.63023419367042,138.67468095413224
168.14087914785355,146.9058836698184,126.47806229561513,243.75834922083465,,943.217046670161,232.83472815481957,713.7464341648526,97.71197165274614,65.50016406567092,48.684521627663536,276.97837844065486,113.07958331990677,138.76263505883534
167.50660219261235,146.1905737548343,126.47806229561513,244.01410832638456,,963.9535494058757,231.9658503359522,731.4814617327652,96.31316966168903,63.80328047614528,48.0115965597912,272.30030664448947,109.13344209296199,137.01392185421665
167.5034860571098,146.16128644243992,126.47806229561513,242.65020412310218,,950.1938028910379,231.00646824717995,734.8290487839056,96.76875052729267,63.26996238649964,48.74303603422977,276.0038277936384,110.49427555509921,136.57622510858982
167.5535927512953,146.24026293358202,125.32925268618358,242.1387032351604,,952.034911873837,232.72912449502206,728.7749285814087,97.42006243145195,65.45168196218556,48.86006797814911,278.57671703892254,110.49427555509921,135.6149512905217
169.3828025260962,147.56101201764454,126.26921885091245,246.18783552250414,,919.3798455343275,234.18026793314945,730.8404621733979,98.53032987429343,66.22740558548918,51.63952733634031,275.57499848189366,112.80746578231653,136.75108346793988
170.48375422829,148.35764581997663,127.20919720589607,246.44361195121212,,928.5853165200793,237.49589140076856,735.1495485635892,99.54273179785709,67.87582202283603,51.34695217272226,273.2749439166901,113.75999549960156,138.937519340409
169.50572738058415,147.3008764058875,127.10473891278042,244.78129902724405,,929.6512139387268,237.40236725288514,738.7820424212541,99.04159284569307,66.37286186348301,51.63952733634031,275.65294382261516,112.80746578231653,136.83903757264298
168.05005240078168,145.95688967482025,125.43371097929925,242.5223592166433,,916.2790732059648,233.57388011784153,744.2664033511192,97.9566354509407,64.966855943563,51.02512606739482,275.0291905214377,111.71892280997452,132.90390145666694
169.132995516206,147.03349379913234,125.12037267071659,246.99769316165737,,940.6008000514541,236.2287763804295,732.9415887385463,98.51008183582215,63.60934209466609,51.493244450711586,275.49696651598794,111.71892280997452,133.7782580589763
170.02881756231028,147.92835589236228,126.26921885091245,247.3386475585304,,944.5737038715482,235.7913175930173,734.5797892909574,100.15354762507383,67.14858548678664,53.219438229136784,276.8614517670541,114.71251611413899,136.31444953348097
168.44390898743185,146.34906238457486,125.01591437760094,244.65347144394326,,936.7248161589398,233.81523097555132,714.7435808174795,98.45777440310471,65.1123022540191,52.63428790190068,275.49696651598794,111.17449657709382,135.52698422470678
169.78606487144125,147.6775783567549,126.06032664519068,245.50590940560002,,954.9419182752837,234.50308184071872,726.6025617295251,98.48477178773307,65.79105668658313,52.107648850443944,277.0173770985709,112.3993349896693,133.07877277712882
169.23244420874818,147.23957628080592,126.37366495377333,244.7387013815825,,994.4767469798464,233.0760790125294,761.0398772395639,100.33071796169746,67.73037571237992,52.95612653037558,279.08347436635194,112.94357916759743,134.0410964452531
168.39380229324632,146.55071789756482,127.41806503110831,243.97149335756495,,991.6666605059797,234.24363012902796,752.8846304719186,100.12486290390619,67.97279121357562,51.63952733634031,279.59028366889186,109.54159109110448,133.95314234055
169.11733836911026,147.4588136338347,130.34240962815576,245.6764039271946,,1029.8449798656427,234.25569122705193,742.3789433057599,101.66877583734075,70.68781891136945,52.25394112843327,281.0326622855691,111.03853793852258,134.56572336775048
169.19877847488297,147.35774956228545,129.40244346342692,246.10262290802294,,1018.1201821887638,234.37335598487334,715.8119677568418,102.32683708765713,73.20892816275952,52.078388516373955,282.2801515628873,112.67145252725955,135.96468097033363
168.64829306508824,147.13181661605194,128.3580190055824,246.35834736725678,,1015.697701496973,233.83635170751083,700.1780667540777,103.11144857841896,73.98464680229428,52.66354823597066,284.58020612809077,112.94357916759743,133.7782580589763
169.425071088036,147.8460709904602,126.58253277898557,247.38129717366616,,1001.2597372738073,237.1127351752993,715.633894210212,104.05466970387242,76.2633355687198,55.73558275777991,285.1649434463154,114.84866591041039,134.39085204728863
167.3163267529983,146.22977054517173,125.22479439306792,243.75834922083465,,974.7092956634431,236.24687723441048,712.6068612791721,102.96465029950224,74.6149241151418,54.41899295610524,278.7326250454024,112.94357916759743,137.62545303136102
166.98901782085395,145.99003679976795,124.38927433119996,242.60758915428258,,971.2209914812485,234.77461306432357,713.1054346054855,103.1283219438117,76.40878686294477,51.93210876153209,280.7208116225356,112.53533003923101,134.56572336775048
167.02268355471915,146.30817988018353,124.38927433119996,244.7387013815825,,983.2364750126234,234.87719684614254,699.821919660818,104.22171602126045,78.83292692359524,52.722062642536905,278.3427943915737,113.62398224454459,137.10082610886363
166.51526963748447,145.88889395653396,124.07592383236255,243.88624609676768,,967.0543217342382,235.3086158775977,690.7407665272812,105.78925166624484,81.93581144927201,53.365721114765506,284.3852301635475,114.30425788302496,136.92594182728993
167.54107085709785,146.4982086925027,124.18038212547819,245.76161654167575,,1151.0659343827695,239.92451778164917,709.0456077082424,107.62169914789506,84.45691073312436,54.91637480427885,286.1395114183687,114.98467006271976,140.07365151782722
167.90831602890398,146.82634002254605,125.43371097929925,245.2075353312305,,1180.9109142484122,241.80708025123175,724.9287682039549,107.15599426305577,85.42656277036946,54.47751362424521,282.2801515628873,116.07333137078095,142.95957267214382
167.67732053640353,146.50151710326267,125.01591437760094,244.01410832638456,,1195.251958543998,240.44040132705226,709.0456077082424,107.71618999409431,86.00836794726933,55.881878166556106,282.2801515628873,115.93719978000479,143.22134824725265
167.66321189836123,146.36730590676567,125.53812051139582,254.2861347435077,,1235.4651528133763,241.16447231407173,712.5712139655959,108.17177085969796,87.02651205553752,58.25172728642304,282.6309835587999,117.16200178158978,144.35856915806238
168.4595852519233,146.990972843698,127.31361892824742,259.9975626316614,,1233.8178836857371,245.30973360072758,722.0797544791277,108.09077870581288,88.23858457774719,59.392773868399004,281.85137422625303,115.80116831945256,149.08010777164463
167.81982160411007,146.55733471908482,125.30451865925727,259.95494766284185,,1225.8721499737926,243.6685219888548,720.5840345001874,107.76343541719396,87.26891260542665,62.464814651781985,283.6055688558901,114.16826283346322,144.27058913113567
167.5277460322801,146.7998097191183,125.62173346885646,258.4204969684906,,1230.3295055752985,241.07396804416683,720.2279417473446,107.69594195562304,87.75374360781805,63.69362971282043,283.6055688558901,115.12079255074828,145.9323851199956
167.02738643406659,146.5606431298448,124.14133673945304,256.1615225115738,,1225.4845441917166,239.9516598556756,726.5313214427897,108.41137264827469,87.70527147187042,64.36655478069277,282.7089288995214,116.20931731759505,149.08010777164463
166.50821531846333,146.49215902711296,123.92986019972025,255.18120499714212,,1226.4535216827844,239.95769961163265,712.1438809260178,108.50923816755251,87.70527147187042,64.77615562665642,283.02083153766546,116.48161691013786,145.144945733445
166.48785529202013,146.340759849001,124.14133673945304,255.3943144875563,,1209.9806825499033,236.69035736388958,704.1666533645854,109.55032481228382,85.76594746230477,64.60061240695771,281.9683182248906,120.5638897278588,144.53341455630064
165.35792161791284,145.49122298318295,122.76667827991605,254.88286556908866,,1194.767506762586,236.4097849202393,679.4515448878675,106.85227368598666,81.74188801909939,65.24427714076005,274.2885278716963,120.01961824168778,139.8987801973653
163.5522071224534,144.632737653976,120.01739793160633,252.36813200662195,,1183.5271608671192,229.92942140058625,667.4501377427684,104.19303130009281,78.20263964320999,64.24951344441283,272.88507861278777,117.0258701908136,138.23802109744975
163.27970776384205,144.2908055247624,119.9116718519947,250.237002456164,,1182.4612634484715,229.89623957060283,678.6324717818705,103.93655614612334,77.52387524310824,63.22550819871681,270.54606003974186,117.9783817026034,138.67468095413224
166.9083615283058,147.28595704879362,122.44947566057162,257.52546136117235,,1207.1705960760366,236.0809496706031,688.069826349084,108.0772800134987,83.43877659239389,67.6726531903407,272.88507861278777,119.88345023992113,144.7082988378743
167.53793560419956,147.87592545898488,121.3920320106338,257.73857085158653,,1204.844961383582,238.49147519750278,694.2307798114755,108.2561376866616,82.61459080068035,70.13027705084386,273.2749439166901,120.5638897278588,145.144945733445
169.3937567938445,149.94853451976093,122.44947566057162,256.4598619396272,,1184.011686576775,236.92266700155392,676.8518449964057,106.73753480131612,80.72373892706234,73.14381595080808,265.2833029004624,119.88345023992113,144.27058913113567
169.72420097888715,151.70851451805473,126.25617527830961,250.1944048105024,,1118.4108680432598,230.05914725643163,660.0783711079611,103.26668354003206,75.14823722101859,78.61497244970171,258.8510191496231,114.84866591041039,135.0903114069125
169.48693498059012,152.02938309876308,129.8514349270791,251.55830901378482,,1112.2093233865346,227.48269416572464,671.5099646400114,99.86332574031891,67.92430911009025,76.01104065727489,254.95267796126245,111.8549087567886,127.22107606390476
169.46735876737148,152.19901004472894,127.52513203874454,247.72225157053916,,1098.6434167268567,222.07031785872974,646.1894495770855,100.66143592339492,67.87582202283603,77.41541146115952,255.8103019346782,111.71892280997452,126.78337931827792
170.46496182829597,152.19458307604532,126.89066584878184,255.96111089601524,,1116.1822272066286,230.63839299771317,655.0213432176741,102.5208807896735,71.46354253467308,73.58267086926799,266.8816241736932,114.4403894738011,129.40644912520597
171.2621189950826,152.48238330349068,125.51597081848051,260.2092169767988,,1114.6318040783256,232.67482193307916,671.8661117332712,100.85210495233274,69.28182295898718,72.38310988072578,265.08839623606644,111.58280032194598,128.6200595887115
170.85335083976986,152.19288160765447,124.35282546944062,258.96482524095,,1116.3759931335446,229.44972114925508,658.9031509087042,101.1760735678731,70.3969312742261,71.8857342941259,269.8053973900005,114.5765301673249,126.17184814113354
172.1281561386531,152.9088374504536,124.67005246929457,261.15324247510165,,1143.023280743245,232.06239436181417,657.1225241232394,103.04564245338732,75.53609404890153,75.57218573881498,269.37655075321896,116.34545801111882,124.0733663733675
172.50088800303126,153.45072362426632,125.72748392897763,262.26888850027274,,1143.7984923073966,231.7818219181639,680.8048386337542,104.53724795410444,77.2329876059649,81.24814579147733,273.8207172270724,117.0258701908136,124.94773593678865
172.64027293523523,153.92913557449805,125.83321000858925,259.1793898766409,,1140.407034124538,229.58548676105747,687.8205125157189,104.59124272336118,76.84512579431309,82.41845270752327,272.2223786288048,115.52906898735755,125.99697682067168
173.3160537565874,154.4853897036113,127.31360673799266,259.73721288922644,,1137.6938675782512,229.79365578878387,700.3204929871314,103.87075002109172,74.17858020000463,84.55423793955151,277.3682090944836,114.30425788302496,125.55926711393303
172.40535837661193,154.04787601210782,126.04469873857683,260.08048858927907,,1133.0426721215854,231.77276228422832,698.4330329417721,106.0575381759892,74.95429385577053,90.72758610196121,276.39365844746703,116.20931731759505,130.19390147286833
172.6355700558878,154.23903913668755,126.04469873857683,262.1401947590691,,1138.6628450693188,232.5571755891478,675.1068655245172,102.90559352062769,71.07568072302126,85.37345841620004,271.13084933307704,113.48784155102081,128.5320795617848
172.17749813700976,154.25501403435723,126.4676883888067,258.5786227552327,,1133.720963758157,228.69548821023065,674.5014045978921,104.45625580021935,77.57236731413134,82.0966203406221,269.37655075321896,112.26318519339789,128.96978926852344
171.57220315368207,154.80633705600437,131.4375699263489,254.03009846742884,,1135.852758595452,225.64235474617095,647.7208168696021,100.40833544250401,74.85733463256865,83.29616880601682,265.47822688989515,108.94682666384116,125.38438283235935
171.64031843463704,154.63283454314825,129.42846965735873,254.24466310311985,,1170.639545844013,226.42072829513342,646.2606898638209,101.77339070277567,76.74815660357348,86.78736559688515,266.2579228476262,107.85596249085401,128.007478561511
172.63948912201067,155.0024312880502,131.54332038647007,258.4069849052064,,1154.651232420788,230.04708615840772,665.2421779177255,100.95671981776766,75.92394589301563,87.1110889590547,263.7239456350739,107.03790766427683,129.49442915213268
173.22834314501807,155.28909720323497,132.8122040053764,257.2484120943707,,1207.0736761484568,229.01830211779992,661.8589978934258,103.07601451109423,78.29960385018073,88.28826482148942,264.6985482572009,110.58313657744337,131.41802663832502
175.50858963707154,157.69153906244523,138.0993369232821,263.3416943555694,,1215.0194098604013,232.6627608350552,687.856105488878,103.62608622289716,76.89360291402959,91.31949892883257,262.3985283420711,111.40118230127291,132.64212588155812
175.88757288985053,158.21738732124047,137.7820855429186,261.7968844127003,,1194.1860611253505,234.24061025104947,684.7934252442618,102.38251919345313,76.11788925826369,88.67084071520696,257.2916965343083,111.67400985317815,132.20441617481947
176.93216650945794,159.36310572176248,139.26249446257677,265.9163487217545,,1190.6976830149122,238.12339994803602,684.4016851778429,102.08554796254113,75.53609404890153,87.1405246171893,256.51200057657724,110.03773635056649,135.8767139045187
176.73091768469988,159.6823673601017,135.5615209244504,266.774520648728,,1190.2132312335002,238.11737860596907,685.2919985705753,99.85488905762254,75.63307320717885,86.78736559688515,254.60181131527605,106.35609366144733,129.8441588319446
177.88669807782233,160.60821823411686,135.03280519460887,270.25027372755125,,1199.4186282910082,240.17792973738295,705.6623733435257,100.02699738462837,74.90582171982288,83.37355559582443,260.1764364426259,108.53774008269299,132.0295318932458
176.44276117899273,159.65090594920787,132.4949891957772,268.96295520603775,,1196.1240900357295,240.4705816929473,707.5854807024613,98.22323462414579,71.46354253467308,82.04922648901163,255.77133792683586,108.53774008269299,128.88183516382034
177.12792864164405,160.1325475385148,133.02369273536397,268.5338432578139,,1211.240345895467,240.70589279470002,703.6324870651127,98.53370454737197,71.99685564054987,83.07926163021575,254.1340006706522,109.08328595353194,128.44518826824964
176.81784448304458,160.0613221811533,133.55240846520547,267.33234366131353,,1203.682217965598,238.57895958942916,721.118255140077,98.52189319159706,71.56050674164382,81.66664433372034,258.46117117075755,107.99237626680662,129.14467355009714
177.16708106808125,160.38115097562275,133.86963546505945,272.99651397428846,,1215.6007815693931,239.60472375205845,721.9729212192332,96.36547709440649,69.62120266715361,76.66364691837275,255.3425086150911,107.03790766427683,127.65773592058727
177.8115284778462,161.11968278327458,135.1385434644753,272.65325559739387,,1212.4031632416945,240.27447376324486,743.5541091645996,97.16189994094321,69.5727255474371,78.2234111976725,256.55099923449325,106.62881198038103,127.13310899808985
177.3745812812402,160.85625451509452,133.65815892532663,272.65325559739387,,1225.7752300462125,239.7133288759443,739.6723558139864,97.26988947945668,69.52423846018287,77.92911723206382,255.03062330198398,106.35609366144733,128.7949309091734
177.0441370961976,160.67008551532868,131.12034292649494,272.6962170293746,,1216.8605188432005,238.71774507921012,742.3432959921837,96.60845355606176,67.92430911009025,74.69187108722085,257.2137338685499,106.90163042953864,128.88183516382034
177.26574594739887,160.7905116669924,131.75482130671242,271.3659543990384,,1216.9573648425364,238.31044824380285,759.7578237804125,97.75921707584577,69.03940247402261,74.13271255256436,256.90184855544277,110.5762184892461,131.5928849976751
177.66430541339648,160.8810833501314,131.01460465662856,271.53757492590665,,1243.7016463080604,238.80522947113653,781.8019920789333,99.04159284569307,69.86361816834932,76.10448212214251,258.69509381810633,111.00192668756293,133.16673984294374
176.17964846168053,159.98283407445672,129.53420792722517,270.2931831900578,,1219.8643712439832,236.84422382967298,782.549879238612,100.87235299080402,71.65747094861456,78.51769890170745,262.1256070368063,112.42145466640522,136.31444953348097
176.12797414104585,159.87071045836691,129.32270700698282,269.90701535065665,,1214.4380381514095,236.16239430657248,764.529890523758,101.6232177507804,72.09381984752059,75.57475924562063,266.84260819074035,113.9828125560388,136.83903757264298
176.79905208305055,160.37065858721252,133.12944319548512,268.5338432578139,,1235.3682328857965,237.17307749319926,772.7564319185557,104.30102083860626,75.14823722101859,77.0168059386769,268.98675474946396,117.10567397926795,146.89473471034344
177.8107446646216,160.85786145746363,139.26249446257677,267.33234366131353,,1253.972940784216,237.40236725288514,808.3689676278512,103.9213701172699,75.14823722101859,75.63361177716862,264.6985482572009,117.38955226679353,152.57754714199382
177.67371117209137,160.51205376135977,135.03280519460887,267.33234366131353,,1277.228696282814,239.55042119011551,807.5142472082781,104.73466632919937,76.3603047594594,78.51769890170745,266.2579228476262,119.66067869722204,156.07499947345482
178.29858236863768,161.03241951089558,134.9270547344877,269.6495239293011,,1270.058248063265,243.20996088337324,815.5626607160289,104.04960769425462,75.92394589301563,76.4282117458858,265.08839623606644,119.37681861519171,151.7031775785727
177.66587303984562,160.41599956896133,133.55240846520547,268.7913173560114,,1268.8953567887938,243.36080747117813,823.6467215373557,104.10866447312917,74.32402152669188,77.98796976361182,264.11379361393944,120.65428911455207,157.38705282139102
177.66587303984562,160.15907784194258,135.8787357340496,268.7054811078402,,1258.624062312638,242.79964416998746,818.6253409606448,104.83759385809499,75.05126803027899,83.9915791851764,264.7765109229593,117.24769504775938,154.93884137381303
178.16860319512858,160.95561711825292,133.97537373492582,271.15135511703136,,1264.5349211148675,243.74092540477875,818.1267676343314,105.36741753142664,75.92394589301563,85.72790105912014,263.91886962450667,118.24132367058466,159.13576602600972
177.78646557205556,160.44519235533403,133.12944319548512,268.6625716453336,,1251.7441520910972,243.27330466536162,817.6281943080179,107.91192103264997,77.08754129550879,88.49427059741551,263.1392083168493,120.79634659403402,164.46884877784817
178.11534213064905,160.40268715423662,133.55240846520547,269.048791454209,,1295.5426443984938,243.7318841847333,846.6880364885033,107.40234539778959,76.02093003506181,91.17233942288077,261.6967950500984,119.94455698474762,162.6332183574707
177.5867843737466,159.92709523031934,133.34090754496316,268.319295945281,,1287.6938306141292,242.7453416080445,838.9601227604361,108.58685564835906,76.69967450008811,89.96574668703265,258.46117117075755,122.07379888789912,167.00502729124105
177.90000378524437,159.74924452046437,132.80584069238697,268.19056755776126,,1291.279054723904,243.1858202734352,848.8604033403868,108.24263899434743,76.55423317340086,94.49786749583261,255.9272632583526,122.35766807267707,161.9337201145114
177.25790781515315,159.16589293179308,133.01987718562125,267.33234366131353,,1341.1822456886898,242.0107194619903,868.0911508872398,107.90685902303214,76.45726398266127,92.61439237751078,257.8764511775697,121.36403944985179,160.0970398440778
177.85459997040627,159.93097079720962,132.27077383981077,269.22041198107723,,1343.0233546714887,242.86904612182298,871.5455711982748,108.8686408504176,77.57236731413134,94.46843809927175,260.4103937400484,122.07379888789912,161.14628072796086
177.37614890768936,159.70995320410523,131.73569479697983,270.16447212569614,,1331.298483066366,247.18023497228617,886.4672323549364,110.94069012064456,77.52387524310824,98.02941386785801,260.7222097530082,124.34492531832764,160.44678248500156
178.54055124628215,160.62031756489625,134.94615686371077,272.56747131869685,,1357.6550848215704,248.55595511651111,906.7307738679924,111.09423774571839,77.76630071184168,100.44262438584919,260.2544510834948,124.06106523629732,160.62166676657523
179.84118414678488,162.1383739649499,132.37776770591842,275.7857156530064,,1346.511732781927,251.05398344922727,899.2521196328735,111.68649287100311,76.60270530934852,98.88284758340197,262.63243366438303,126.47417632422678,160.62166676657523
179.6853582542606,162.08085488073692,133.66196228481456,282.26520039992243,,1380.3294686111765,248.38700767472525,900.8190798985491,111.42158103433731,75.73002246284301,99.17715407215812,261.57986837649764,126.19015239273914,159.13576602600972
178.60553127433883,161.0915455374777,132.37776770591842,279.47598139804643,,1368.4109050073816,242.05447086489858,892.5569998710093,108.49911414831688,71.94836855329562,94.9098853092585,256.31707658714447,123.91902596231061,156.16295357815792
178.44658924631196,160.2281291008047,132.27077383981077,277.41630987457256,,1363.4690976244638,240.38609876510927,897.1865860408842,109.12174133130851,72.82106635110772,94.70387953333243,257.91543251044897,124.62880360585322,159.66040590961893
178.49983119339578,160.4447039708885,131.84270085334222,272.82492809373633,,1364.1473153327918,240.05575357648382,887.606859581034,109.40015186028853,72.82106635110772,96.7933729507278,251.63903944105272,125.05467565362733,159.48552162804526
178.6016313256117,160.39607033271665,131.41467662789273,271.06553619201816,,1348.8372196178946,240.91106035833798,895.8333466354146,108.96481903315616,72.19078405449133,96.1164905682541,253.43230202875313,125.9062832079612,163.41962085507694
179.89912897321614,161.90083007238252,134.41109001113458,273.253988072486,,1359.011668094714,241.80406037325324,895.0498665025767,109.59925757192272,74.37251359771496,90.08345801170238,259.6306977823173,128.46142446712972,170.76425519781085
179.518578093988,161.74724104143414,133.98302921492078,273.08235022245964,,1365.9884243155907,241.75881744524585,917.9842938534127,107.97772715768158,72.53016874642664,88.05282964900248,256.0831712648325,124.91266368788354,173.82502175036575
179.55929814687437,162.05270188060308,132.05674953683126,272.18123418666346,,1395.3488784715778,243.45733308314993,916.9516085680436,108.32531848477178,71.2696141207316,88.99457660052398,256.51200057657724,127.75168323457761,169.19040035254224
179.68379062781145,161.7627275546583,132.48481033304506,271.79506634726226,,1402.5194745476147,243.8827307725382,933.3332880496524,109.39846452374925,73.20892816275952,90.02459921858065,260.80018974380346,128.31945801512404,169.62811005928089
180.71742997967056,162.71502996041644,132.48481033304506,274.8845996172102,,1396.7054617447213,244.23872651009088,958.6895047665715,109.61781827385472,72.96650767779495,91.46664591163692,261.1900030725953,129.17118390517703,173.12554942963007
181.3618773894355,163.49720128142627,133.87599877804885,274.6271601653288,,1403.2946861117662,245.47868104251344,958.7963380264661,111.57512865941112,75.53609404890153,96.52850838167998,261.2290190555481,131.01643828783142,172.25119282732072
182.31327370490158,164.64898510167495,134.41109001113458,277.7166934352766,,1387.5969106865493,247.15911424032666,999.2877737390018,112.99755336201804,75.73002246284301,105.3867567465013,261.1900030725953,131.58415845189205,168.84065771161852
183.04386409978667,165.3930939446079,135.3742054696698,278.7528434881253,,1364.5349950431114,247.52416961181493,1000.6410674848885,112.5672825445035,76.69967450008811,101.23721183141889,259.6306977823173,133.42954027301326,168.05425521401224
183.9576756152647,166.259803037704,135.16018116669028,278.58013160229945,,1378.5853534842013,247.08067106844572,996.296333781121,114.69838859360499,76.79664369082772,99.53031309246228,268.2460054745384,137.82977206537885,167.44167418681175
183.7987144698421,166.32360810236096,134.1970535179003,278.53691032294785,,1376.0658789365866,248.6434395084375,957.7991913738392,114.42504007424282,76.89360291402959,99.38315358651046,267.7782814550987,137.68788753810182,167.79141682773547
184.10723100199243,166.3581416089605,134.62511431411411,278.9686727143544,,1378.1008277745455,249.8230701368502,969.4800987392547,114.3136758626508,75.68153537558878,100.26603548333651,264.89343759656003,139.67515388650003,169.10348313678347
185.22072371577937,167.31761223803196,135.80224188537406,278.40745436278974,,1381.7830457401437,250.9061383255108,987.8561802069514,116.51396270986247,78.00870624549965,104.5921693009316,265.47822688989515,144.8395613422329,174.87426263424877
185.0202778216416,167.5805678761035,135.5882297726493,277.846218688067,,1393.9922951984345,250.63462551579607,974.0384989628113,115.73441322871847,76.11788925826369,102.0906518085366,265.47822688989515,144.8395613422329,172.3380970819677
185.09779886129144,167.86063272410524,134.41109001113458,278.9686727143544,,1383.5271608671192,250.80659283556045,911.6453211848086,113.82941027587951,75.43912485816195,97.61738353128464,260.33239642421637,142.36492478308605,167.1798986117029
185.37421728602567,167.9529058756351,133.44795017208983,278.9686727143544,,1388.0814363962052,249.99503745661457,915.2421677288974,112.48122838100059,73.59678997441134,96.29307947076677,254.95267796126245,141.49154345642614,168.05425521401224
187.61529223424623,170.32268899434317,135.80224188537406,280.3501772462225,,1382.2674235933118,251.98620505008302,890.3846330191257,113.03298742934278,75.24520641175818,97.61738353128464,251.0542847977913,140.71413239800782,168.49090210958295
186.51588904110582,169.4145932580733,135.48122371628693,276.3352581960408,,1352.034911873837,250.5954039298556,892.0227792311199,111.11954779380748,73.25740029870718,92.58495671937618,255.54167723854852,141.005702507279,168.66577343004482
186.60987015847175,169.4366965928174,135.3742054696698,277.37132163309917,,1348.2558479089028,250.1277831904385,895.90458692215,112.69045811187041,74.27553942320651,93.64441499556743,259.5082270969293,142.75548727281137,170.93912651827276
185.99830466934745,169.02232602229697,133.98302921492078,277.4576775760121,,1375.3876612282586,249.7355857449238,894.6225334629986,111.93959335189403,73.20892816275952,91.52549844318493,262.3529634951945,142.02636629055934,175.57376087720803
185.45642208762726,168.78372658915376,133.34093192547266,278.0189305738928,,1370.4457059888532,250.98156161941324,885.2920121556796,110.92887876486965,73.59678997441134,90.99578182823677,259.86883041361705,140.71413239800782,176.62297583886746
185.03279971583905,168.22692105824717,134.0900108907736,280.5659545029774,,1359.6900336595293,252.02542663602352,879.1666516664474,109.20104614865436,70.54237260091335,88.64142384179358,259.62844552752875,138.67260457099934,170.0647699159634
185.18080659351332,168.24675576847017,133.7689805314317,279.4435524461642,,1361.7248346410008,253.02403031073624,872.1509777844827,108.97663038893106,70.29996706725537,88.81799395958505,261.83206893770756,138.52682406773755,169.54011707124238
185.78610157684102,168.6080499777982,134.0900108907736,280.30690399739666,,1365.2132127514392,254.40277033293972,867.8418913942915,109.12849067746562,69.37878218218904,87.25824220343277,272.40952367669854,139.40171645050373,175.7486321976699
185.85421685779602,168.43462623662683,134.1970535179003,279.35719650325126,,1390.6977569431558,255.09364107608565,876.67378503488,110.57791276470093,69.66967978687012,91.26064013571084,274.5330361165514,140.27657242227937,182.30580123162966
185.2262104083514,168.0788145365582,134.30403519375312,278.06206523745414,,1387.5000646872134,255.11778168602365,918.8034212998268,109.16898675440817,65.8880308610916,91.731504219111,274.4528904961518,140.85992200401722,177.32247408182673
186.77743413196893,168.98812335677343,135.3742054696698,279.529891065919,,1407.4612819305326,255.59446205937633,910.7193604785,111.76073567873112,68.84547406008113,98.05882447969766,275.6549015517776,142.75548727281137,175.7486321976699
186.47360136177033,168.86270308029583,135.90930889301026,279.0549940109512,,1399.1279424365123,256.071142432729,933.226454789758,110.99805956297983,66.46982108668489,95.73390215138907,276.6565485564043,142.60969766680194,178.6335035019304
186.2285163486233,168.7019300716972,133.55496841870698,280.0479227844482,,1406.1046986573892,257.0787873274872,931.2678087980803,108.34387918670379,63.80328047614528,92.11409263597602,278.4594958396956,140.71413239800782,170.93912651827276
185.85421685779602,168.63127187046595,131.41467662789273,280.30690399739666,,1413.0814548782662,255.95649755288608,932.7635831174379,109.48114401417364,65.93651296457696,93.08525646091094,278.4594958396956,140.56833368925078,172.3380970819677
183.54814276412307,166.71272447074682,125.42178891013516,277.1986617167475,,1380.0387827566806,250.54412124589115,892.7350190772223,106.2684552433983,63.02755186907281,85.46304275164609,277.3777378647429,135.61037654972003,170.5893579551254
183.89502790948603,166.65860832331555,125.9569045237304,280.7386317424871,,1382.2674235933118,250.28164965622187,908.1552535601974,107.18130431114486,66.22740558548918,86.52250102783732,275.2541907748164,136.77702109670994,173.91195192723632
183.70004959052451,166.62053009090175,124.88669767704943,280.0479227844482,,1374.4186098089472,246.65831167092608,907.3361804542003,107.19817767653758,65.79105668658313,86.05163068286343,280.4227516888229,136.0479183199532,176.62297583886746
183.54500751122478,166.1376911719864,124.35163082447325,280.5228544857322,,1376.1628727924103,245.70797080219927,937.1795027675236,107.74318737872268,65.35471775521482,85.3453251654026,282.7065380444382,131.2359146358892,175.31093545204308
183.35786732450902,165.76874035489953,122.6393998298728,281.04085155794525,,1395.9302501805696,247.24057729018614,962.3219442838196,108.50923816755251,66.76072865890367,86.49307163127646,285.7916073536812,134.1521892017018,172.25119282732072
184.68748219692523,166.98286408646862,124.6726855643247,281.86110309193253,,1406.686070366381,247.6659565656843,988.0698467267404,109.06943389859107,67.63340153787146,87.72910628683293,286.3926475315677,133.8606281951782,172.07630854574705
184.88792809106306,166.64263342564587,124.99374030417611,282.63816799288435,,1419.2829995349914,250.83071503160835,987.8205328933752,110.5677887454653,70.05755156605966,88.61199444523271,290.47938117047426,134.88129197845853,169.36527167300412
185.43059448600778,167.200573268813,124.99374030417611,283.6742487531007,,1434.6899412492246,250.8578755195249,989.7436402523107,110.12570657217582,70.05755156605966,88.5825587870981,289.43760938053725,132.839937103655,169.62811005928089
185.01243968939585,166.6740948365397,124.56567950796232,284.32182304757833,,1432.2674605574337,250.27259002228632,991.0968253173634,109.6498776681009,70.25147998000114,87.67024749371119,286.95356292414397,131.96502651539356,168.3160437502329
184.708626036593,166.56915519810016,122.42535114638375,282.98353979506186,,1423.6434352089175,252.98480872479576,1063.1053768687923,110.03290306251581,71.1241678102755,86.84622439000688,288.2356849500957,132.69414749764556,172.25119282732072
184.8119746778623,166.8839741134188,121.67627218108281,283.7606220191717,,1409.8837626223235,251.7840757783137,1081.5527529636415,110.97443685143003,71.99685564054987,90.20118185951958,287.55451647684635,132.9857267096644,168.84065771161852
184.24739974742096,166.55253437261544,120.49912022931333,283.02670910493924,,1391.6666605059797,250.83071503160835,1050.5698034242207,109.29722433139291,70.63933182411523,86.66964801064167,286.59295960745624,132.839937103655,162.89500689369135
184.60290683825423,166.6719049837033,120.60613847593046,283.7606220191717,,1392.8295517804509,249.76574769692874,1063.7464851089935,108.36581456171433,70.44539842640488,85.08046059635478,286.432668366657,130.36105866411353,166.3924333029287
184.4502161986282,166.61665452401147,120.17807767971667,283.54474082346843,,1386.7248531230616,248.7973059742209,1077.4216857796632,108.99012908124526,71.2696141207316,85.78677237538936,287.0336738944699,130.6526196706371,167.44167418681175
184.57706011923904,166.6321410372356,120.3920897924414,282.89709723635866,,1393.8954491990985,248.8154068282019,1112.5000551894861,109.08630726398381,72.43319955568704,85.4336133550852,287.11381951486953,130.50685737287057,167.00502729124105
184.31239889287338,166.57794611811957,120.71314453229284,282.6813199796037,,1398.7404105826804,248.39906877274922,1099.3945594510312,108.5969796675947,71.17263994622314,84.34473194390681,281.1839964823245,132.5483669943838,169.80298137974273
183.61939329797633,166.098478627312,120.17807767971667,281.6020525863519,,1393.7016093439386,248.69172072831356,1057.122496953031,107.80730616721506,71.0271986195359,80.69547424721168,280.7432475452372,132.25661483016003,167.52965421373844
182.36808327843454,164.9804248424783,118.89388310082047,280.39325994030963,,1384.8837441402627,248.46243096862773,1082.6210855625866,106.00860541635029,68.26368881825671,80.69547424721168,280.86348330087344,128.6112465903383,168.22912653447412
183.93888321527066,166.46194693513948,120.71314453229284,282.6813199796037,,1426.8411274648602,252.56847066934304,1073.5042851154737,108.55479625411289,69.23334085550181,80.7249099053463,285.9919367546065,131.81922780663652,174.43656588862194
183.40483876579623,165.54529659390448,120.82158903871796,282.29281351386487,,1389.1473338148526,252.4628854234357,1069.266384671601,108.25782502320087,68.36064305768971,78.31169312578137,283.8684589648273,131.67329255666507,170.6773509431639
183.09005172784933,164.5871178204631,121.3638725221174,280.78180105236453,,1354.2635527104683,252.8822433568669,1088.0341518652995,106.98894794566776,65.93651296457696,78.48826324357285,281.0638127017988,130.0693156026374,169.01552903208037
184.4737114779697,165.99242043094887,124.40068440966374,282.76769324567465,,1368.0232252970623,253.92006861752012,1077.3148525197685,107.58626508057031,67.29402182970502,82.54952623054639,281.90525509081044,130.0693156026374,170.5893579551254
185.9074588048798,167.4861206260742,123.96684543268944,291.5312883518479,,1393.7016093439386,260.28880713530873,1096.9729331061994,108.64591242723361,68.02127331706099,83.47881891190629,285.11049085554237,131.81922780663652,169.80298137974273
187.03976303605657,169.35932704404448,124.50912891608887,293.21503002233214,,1474.418683737191,263.1669534016255,1117.4857884526207,109.92660086054164,69.52423846018287,86.21582793095187,287.87504698333424,132.5483669943838,178.10888954054477
186.94891717158896,169.18970009807865,125.81062146650228,292.82643694080303,,1455.1356842021996,262.99498608186116,1104.5940679147889,109.44402261030963,67.87582202283603,84.33032406273946,284.5495754629662,133.13151631567382,176.62297583886746
187.05228493025402,169.24003520464134,124.40068440966374,294.7259212217261,,1483.333394940203,263.75525877684265,1099.1097069849238,109.13186535054416,66.56678030988677,81.59331504369389,282.6263924240386,133.8606281951782,174.43656588862194
186.69442639974704,168.91076956233744,124.40068440966374,295.54620740202955,,1474.806215591023,273.3219560044289,1118.4829351052474,110.3568716780562,67.73037571237992,83.53963131603376,282.14558800178827,136.0479183199532,177.67224264497406
187.24020893019434,168.98643764271952,118.43552952150569,299.17249872436594,,1515.9883873514689,276.4836945923745,1135.6482034005282,112.58246857335696,67.82733991935066,85.33389779333376,288.275705785185,138.38101625623287,191.55076786486745
187.00215911867278,169.05104617856108,120.06237997170398,298.22280855337857,,1507.6550478574486,279.681634888282,1107.6210465054119,111.52282122669365,68.65155062990851,80.04233575234623,288.4760871612208,138.23521754747583,196.7884179504918
187.11101356990983,168.99918290131396,119.30317090469,297.0570986014235,,1523.7403551364973,281.07545588648793,1052.2079496362148,109.44570994684891,65.93651296457696,77.09246453413327,296.88990467504857,135.61037654972003,194.1695734660119
187.87605351188472,169.44660607076045,120.82158903871796,297.877419428043,,1517.441964480436,279.7087953761985,1098.112560332297,110.87488399561292,68.8939561635665,79.22123680357682,296.4092042030193,138.52682406773755,191.73782263042526
187.88308871351015,169.48967842798814,120.71314453229284,297.61829962983006,,1515.310169643141,281.87193028943136,1093.9814931483188,110.56441407238673,68.26368881825671,79.1604181378756,296.0885524212735,137.94349269149495,190.8025358415245
187.69046183422236,169.1952613790228,121.0385146223325,298.05013131386886,,1525.7753039744562,281.22932235227137,1144.0883569746977,111.83329114991984,68.55458642293777,80.58974131309961,296.16873269174675,137.79770308548552,193.98254462267775
187.90266492672876,168.931738584821,119.7370220719191,299.2157026805595,,1553.1008092924844,280.2065964815107,1158.1908906849453,113.64211592002025,71.41505046364999,80.77220983335071,303.46077139553256,140.1308010217652,199.22019470830207
187.4962673284854,168.74065423192604,119.4116276013699,295.54620740202955,,1536.2402904492842,280.7556618568972,1150.641050503508,113.95933518940353,71.85139936255602,80.04233575234623,299.69458558815074,142.90123136508262,201.83900030944653
187.21906509052658,168.55665933065967,118.43552952150569,295.2008529230101,,1558.2364565305622,281.2444033282738,1156.730763679164,115.1134733822661,74.90582171982288,78.79548109737335,303.3004801547334,143.77617836433456,205.20607681726938
188.11331951018173,169.2449505577705,118.6524185343559,295.4166994723972,,1550.5814826013575,282.71064615629376,1124.9287953741634,115.53868219016283,76.02093003506181,81.04590948294053,304.262088999234,142.90123136508262,201.55786083330227
187.9841050325015,169.2272899460469,118.6524185343559,301.36498690066094,,1544.6706237991282,284.4966646000144,1128.9530292982472,115.8930228634101,76.11788925826369,82.90100088751547,306.4657297344496,142.60969766680194,206.3284183717279
184.5668896647153,166.2200390912363,116.70019799411794,292.9852556538674,,1484.4961383581867,277.44307668114675,1090.1352784304477,113.96270986248207,75.68153537558878,81.62372124575764,302.4190515807061,138.96415647477528,199.1260970366038
185.24735424801915,166.67247213983362,117.02556808415763,293.983866423207,,1508.720945276096,280.6470567330113,1114.8860342207417,103.93486880958407,63.75478342135333,81.68454617303257,288.1154491944594,125.69485368880655,173.49898498293183
186.50101570723467,167.81642605461698,117.8932216575967,293.89707740134264,,1521.5117142998663,281.78444589750495,1106.9443996324687,105.6930734835063,66.0334771715477,82.87058216230425,293.64454412500635,130.36105866411353,174.90250489687006
187.46338540784478,168.5423071296961,120.38775006174365,297.19679254799314,,1522.8682975730096,284.1527299604856,1105.2350674741563,104.06310638656879,64.966855943563,84.9081420871303,293.76477988064266,124.81992489504987,164.80132721784875
187.807919113534,168.88980053985387,119.8454665783442,298.1954379636489,,1530.5232715022146,286.25252109173005,1082.122457895856,105.73188222390957,65.40320484246904,85.94212201978833,299.814717393566,126.86146182480597,167.88722536619193
188.27539679110689,169.4908127402487,118.86935630822524,298.58621376309316,,1528.5853165200792,288.1049216093077,1104.772087121002,106.73584746477684,68.11823752403173,83.69169363422115,300.0952443900015,128.31951263160983,176.2119141779982
189.11170638433077,170.0597176019347,117.7847771511716,302.2767740018201,,1579.9419367573446,292.5035948516973,1128.311921058046,106.68522736859867,66.61527238090986,84.23909293340077,302.2988158250698,126.13235904804922,169.57075713954742
189.1704350239866,170.03818142332085,118.5439740279308,303.75288029983614,,1573.9340840992916,293.0858604709573,1157.906038218838,108.13296211929469,66.32436480869104,84.72567356687918,305.4640307547124,125.84064329481596,171.25427595179116
188.9425556669887,169.62834810184265,120.1708244781291,305.7068285896896,,1581.5892058849838,294.4163376871749,1193.3760933546628,107.92541972496414,64.77292254585267,86.97610195244636,302.4591417159427,126.86146182480597,169.75781190510523
188.8556479860397,169.4604068699307,120.60468783561295,303.23190364443735,,1580.1357766125043,291.09167299951037,1214.4231150005567,105.81456171433392,62.833623455131324,82.62729497635192,299.8948976640393,125.84064329481596,166.39074835839418
190.2854953642227,170.5536160653906,123.7499564198392,304.36078456236373,,1579.3605650483528,291.7222198386464,1212.1438605483613,105.10250569476082,62.15486403879844,81.10673441021548,306.5057852196126,124.03902748429003,163.21073957724093
190.9910228533172,171.05460398047504,123.09921623975988,311.5681884108246,,1600.5813717089918,294.3318547593369,1210.2920478165784,105.47709440647937,63.26996238649964,81.44126524865398,312.115043095596,124.18509927547589,164.05308223339398
190.7584597343676,170.87513057391394,122.01463708270626,313.82595024667745,,1599.4186282910082,296.7695407741531,1236.8946163386556,105.37416687758375,63.90024468311603,80.55933511103586,312.83624972897144,124.18509927547589,164.1460393272535
190.22833435101603,170.48949591399457,120.60468783561295,314.8679728501073,,1600.4845257096558,294.62450671490126,1256.5883442386626,106.22627182991648,63.90024468311603,80.83303476062567,317.6041345160905,126.23039564000236,167.23309101454723
190.52666131124687,170.7916483424035,120.06237997170398,314.30354971430216,,1604.748115384246,295.94290441920475,1280.80482504865,106.59073652239938,62.39727455622529,80.4376915180597,317.9246476975416,127.69142304528052,167.88722536619193
190.5775709360527,170.8629524714498,120.38775006174365,312.3931518438033,,1607.3644359311963,296.6880777242936,1317.6638212439377,105.8904918586012,62.25183322953804,82.17113306808473,317.32360751965507,125.6461357835017,166.85895556120803
190.41939360385467,171.58440657784527,120.71314453229284,305.3160181439293,,1531.298483066366,286.5572341453184,1272.507152047951,104.97089344469754,62.30031034925455,83.02263821891789,313.71771295307246,125.20775656048674,171.16133181904343
190.23301811296776,171.29159647124908,122.33999498249113,302.9713633472638,,1467.441927516314,284.46650264800945,1278.5256792772889,104.10866447312917,62.54272086668139,81.62372124575764,310.832955719718,124.18509927547589,167.13899334284895
191.09125535908396,172.0401480372026,122.23156266632078,306.7487819004873,,1479.8450168297647,287.6342809919121,1338.8533234633023,104.32633088669536,62.736644296854,80.19440433210735,312.6759931382459,124.91562208086262,167.23309101454723
190.90096080207417,172.41191888060393,121.68924261215706,305.0989243271621,,1474.806215591023,286.83780658896865,1355.626797351747,104.48494052138699,61.18520203401562,79.37329286019046,307.7478517604013,125.35382835167263,170.69311165511778
190.52744512447146,172.4903124612788,121.68924261215706,303.9266662214615,,1476.550478574486,283.52522141321816,1322.6495545070723,103.98380156922298,59.53678559666877,77.73108870107785,308.50914852901343,129.2985222417446,166.95192561617935
192.1178212745262,173.65758279475162,121.90615600551682,307.7039808357367,,1486.434093340322,288.8319940604156,1316.9515270574182,104.63848814646082,59.58527766769186,80.25521673623484,310.4322969178673,127.54537856233752,167.42014578010503
190.83127789467002,173.15869020648185,120.60468783561295,303.5358557757011,,1473.3527863185434,286.79858500302817,1325.6409944649529,102.53269214544841,57.50051731520783,78.18725687091879,306.74618743073773,124.62332375178119,163.39780730391053
190.72009112115495,172.69801763965847,119.7370220719191,305.0989243271621,,1502.228714764875,289.45952102157315,1340.45582236172,102.52594279929133,56.43389110345427,80.49851018376091,304.7028379363213,125.20775656048674,160.87307345224073
190.63316432281025,172.59525209971832,120.71314453229284,305.0554778467557,,1500.8721314917316,288.7475295464677,1362.5711766065592,103.38648443432044,58.373205145482196,82.17113306808473,306.3054384936504,123.74672005246094,161.2471829833563
190.9307265872122,172.57485023336505,119.7370220719191,309.18019107270106,,1531.2016370670299,291.3119215391508,1365.5627252452741,103.07432717455495,57.83990200714314,82.84017596024051,303.0200224584453,123.74672005246094,162.2754527883402
190.9910228533172,172.69415782710513,121.25540363518272,306.22773595245627,,1526.1628358282885,287.2933662303618,1344.3375757123333,104.93208470429427,59.48830847695227,83.53963131603376,306.8262984010637,126.37664038339315,164.98836902229473
189.44918577099884,171.8964842385342,120.1708244781291,300.4965769872759,,1463.4690236962201,279.7691376940985,1290.4914391088118,104.06648105964736,59.197410872271185,84.9081420871303,307.3071374733876,124.62332375178119,164.61425949117915
191.117866773928,173.05761038059563,120.27930555531852,303.05829095439253,,1486.5310871961458,283.73941178301146,1322.0797408940236,104.6452374926179,58.567143526961395,87.5539199768372,304.4223802400332,124.18509927547589,164.61425949117915
189.47424867678947,171.70587251574784,121.14698350926716,297.37050917698633,,1454.3604726380481,276.89097301389165,1284.7222257128394,105.01813886779718,59.051974529352805,87.88843829212821,304.9031846622835,126.08434205431172,165.5495462800799
189.7647566221703,172.21083052374425,121.3638725221174,299.280872401169,,1447.7713961274908,274.1576335794227,1287.7848516170384,106.13346832025647,59.97312951180594,88.19255040535549,310.59255350859286,126.08434205431172,166.01662586616678
190.20327144522543,173.25652463895588,125.37679467978273,295.98108796188626,,1416.3759931335446,271.13166060327956,1255.7692167922485,106.77465620518012,59.92464740832059,90.16927287975912,310.7928655844813,127.2532167744705,167.98131007677839
190.47968986995966,173.2476549472517,122.55690837585091,299.9321192051546,,1430.3295055752985,275.0566917641851,1164.8504174736502,106.56205180123175,59.197410872271185,87.97967568304064,311.67432880858235,127.83751304196167,165.08133907726605
188.69511921416796,171.97213656457936,121.25540363518272,297.7178384960242,,1417.1512046976964,273.54218613017923,1099.8218924906093,105.40791360836918,59.00347747456085,87.94926321940316,307.5875605196021,127.98358483314756,166.01662586616678
189.9033577411497,172.73278746131226,122.12306939887661,301.5820460711121,,1455.2325302015358,277.1323422854915,1115.4558478337906,105.15818780055682,57.83990200714314,87.858019566917,306.906478671537,126.66878396576493,168.82252511620445
190.07954366011717,172.68583953719428,122.99074735282522,303.83980790696495,,1479.360491120109,280.2126178235776,1125.5341476199544,106.34438538766557,58.08230754080112,90.35174766158399,305.103496738172,127.69142304528052,167.6072005456628
189.93077208661404,172.69028226021484,123.42458632979954,303.88315044842295,,1495.4457983991579,280.60181380500387,1165.3133978268045,107.70606597485867,59.77920608163334,91.35532139217827,308.0282748066158,129.88298235869306,168.35543256900576
191.31833178546154,173.68299454025575,124.40068440966374,308.9197547144758,,1538.275239287243,284.7470750916597,1173.5042375676087,109.40015186028853,62.736644296854,90.92956568597481,310.7127199640817,130.02905414987893,176.39898190466778
191.67697412919307,173.85197555840656,125.81062146650228,311.61160024491477,,1533.042746049829,285.7517001084394,1151.7450304160295,109.97722095671982,62.39727455622529,88.73995596610885,312.83624972897144,130.75958605801327,178.64369093580848
192.57277705790162,174.53478427625797,126.67827503994138,315.9968884143498,,1561.2403089313452,288.41565600496295,1167.3076911320584,110.41255378385219,63.26996238649964,89.7739358987669,314.71937728273605,130.75958605801327,179.39192295915143
192.56258748598216,174.47009696873167,127.32900302976593,318.4716747743377,,1566.8604818790784,287.640302333979,1138.0698297453603,110.0345903990551,62.494243746964884,90.38215386364772,303.3004801547334,130.61350516407975,177.80134827965543
192.67771244301582,174.02653361183852,127.43748410695534,318.2545809575705,,1779.0698791938567,291.2545990992293,1168.9458373440523,110.24719480300347,62.736644296854,90.92956568597481,294.92670080103176,132.22061346329144,176.77310439689518
193.71290030392836,174.55906170950152,128.30514987064922,320.6859901297842,,1781.589205884984,292.91089168710454,1158.333371258416,109.98059562979836,64.14265021677402,90.92956568597481,296.28893379730937,130.61350516407975,173.68605270960143
193.6831345187903,174.32537762948746,128.52483045184155,322.2490586812452,,1779.0698791938567,292.0842553321562,1174.9288259406478,109.57226018729436,63.51236792015763,87.34103273137485,300.3757020862896,131.34401886671884,177.70840414690772
193.61188398493704,174.0696059690662,126.65740532377683,320.3820726448365,,1826.9379734641961,293.52331925836955,1169.5156509571011,109.14367670631908,61.524586725950925,86.67198357764534,301.0968740695914,128.27591047047187,180.98135706080868
193.4059322808315,173.52997266543767,124.02100673462814,319.5571438581739,,1820.8334226632946,295.7618958793949,1219.8005339896931,109.84560870665653,62.44574669217293,88.58788738634775,299.4942735122623,130.61350516407975,185.9389823259039
193.97129102449742,174.33869004421217,123.80128958267152,322.11885782529055,,1811.7248716051226,286.8197057349877,1209.401734423846,110.80401586096346,64.0941730970575,93.08876294220329,297.53100033809807,131.0517114348898,181.91666977193304
194.0261197154261,175.1257924726881,121.49444234094827,321.5109189164468,,1832.1706145580974,285.9447881601633,1224.5370621002967,109.69543575466128,63.31844947375388,90.19969160497034,291.2806121489915,130.02905414987893,181.44956426362253
193.83739278486544,175.81578516818976,122.8126355403952,317.6467459876751,,1770.1550201343573,281.808586507443,1191.0968389024677,110.14426727410782,63.02755186907281,90.32133519794651,296.0885524212735,130.02905414987893,182.57193174030468
193.57743443784724,176.08809888241097,122.70280134492644,317.1256653933279,,1783.3333210119595,284.05318447053526,1193.2692600947685,110.51548131274782,63.65782419815146,92.2676514702864,295.48765084368165,130.17514414656006,182.94604127142026
193.4364818791941,176.57859440908516,123.25203327354419,315.6494898026797,,1760.271405368521,280.7254999048923,1151.9586969358186,111.22922466886021,64.43354782145508,95.18712900958309,296.4892458731979,131.0517114348898,183.13310899808985
193.91023006256358,177.1658215646467,120.28608333697008,315.128547793597,,1763.8566294782959,280.8250638087327,1138.0698297453603,112.23487724626678,63.60934209466609,94.45726745172608,299.814717393566,134.55823546514222,182.29076634193683
194.0057596889829,177.587848742926,120.83532745584262,313.739126578497,,1751.356694165509,280.6923180749088,1160.5769783970352,113.28102590061589,65.50016406567092,94.60932350833973,285.0704180453426,136.01925376767275,190.33431567759882
193.58211819979897,177.66737663586142,120.06636618501345,313.2615271108723,,1736.7248161589398,278.65890901752135,1236.0754888922413,112.67527208301695,64.53050704465696,93.30163766451815,288.6763819120725,136.31140645279214,190.52138340426842
193.94781486255167,178.20548176880558,120.28608333697008,315.56270078081536,,1746.8024186364232,279.9592058678439,1271.04702504217,112.87943980426896,64.966855943563,94.97425428726824,286.1121725102428,135.43480275347193,186.1260370914617
194.26728566245026,178.4120526349247,119.95653198954466,314.3469961947085,,1757.0737131125786,280.38156526536346,1264.8504786066192,114.63764447819118,65.69409746338127,98.5931871823582,288.1955428397485,137.62637116963208,189.49312656039635
193.79824035842825,178.14522142996287,119.62696845186447,316.04026560212395,,1728.2946306655833,279.60621159437954,1300.6410335221278,114.568463680081,65.40320484246904,97.46796985878774,287.07371205459606,137.33405463505537,192.67310941932598
193.72777363779952,177.84967006873694,119.95653198954466,314.6509136796562,,1703.2946121835223,278.43263913581404,1294.6225062927901,114.1837509491268,65.54865115292515,97.0726328777955,286.3926475315677,137.33405463505537,194.26255648209502
190.92367226819107,176.1985998017947,118.30878744267228,310.0485316934539,,1638.953530923815,273.70811369398655,1265.6694973721994,113.03804943896061,63.9487267866014,95.7953594976114,278.8601546415463,137.48015373448413,191.45667019316917
191.16720877228468,176.3140318286445,118.30878744267228,314.7811491819268,,1660.8527031492692,275.86522726515244,1274.4657980396287,113.65730194887371,62.78513138410824,93.6665747050204,285.4309867119566,138.9411720370147,192.67310941932598
193.08724529415747,177.40612246618076,119.84667341356634,319.5136973777676,,1656.9767931849988,278.3632371839785,1295.5840056318407,115.21977558424028,63.41541866449347,95.18712900958309,290.35914541483805,140.69433392191698,195.47900866936365
192.99093185451358,177.44870643896294,119.07771214273714,319.6010407406897,,1632.7519862670893,278.2274715721761,1290.3489585353411,115.33788914198936,63.75478342135333,94.63972971040346,288.39590689074754,141.6949352494253,191.64372495872698
193.26499883957408,177.65745140358143,118.6383387900977,321.4779356235068,,1647.0930305626753,279.6575126922341,1292.4145464677472,115.74116257487557,63.65782419815146,96.49481485340466,288.39590689074754,143.16937100195946,195.47900866936365
190.28157629809985,175.44618842328782,116.88071128673747,316.02176446931935,,1609.3992369126677,274.8364432245447,1253.276404501098,114.70007593014427,63.26996238649964,94.8830168963558,289.0114134743915,139.18836625159958,193.79546393489633
189.9323397130632,174.83137542372273,116.00190363018473,316.4146190477304,,1613.759672586594,274.7429190766613,1237.3931353245518,115.94533029612757,65.93651296457696,95.94740929265132,287.20588476061175,142.43217588256144,194.1695734660119
190.1531647510399,175.06723360223623,116.11175001590827,314.9305440970083,,1615.891467423889,273.53312649624365,1203.2050793074611,115.81034337298574,64.67596830641965,96.55563351910588,290.11940155511263,141.84234514451248,193.42135440378075
192.04343548777462,176.64934713633812,116.99055767246102,319.33918388350384,,1640.89148590595,278.97266329115513,1215.6339281729727,118.13211845102505,66.8576828983367,96.89016435754438,293.8536226695335,144.79133498529995,199.03312698163248
191.38019567801564,175.9411266729826,117.64964817705712,317.41859999606766,,1638.1783193596632,279.669573790258,1256.3033830917211,118.92010461486544,66.7122365878806,98.95812422286043,294.6332839771909,146.41321704391183,193.88843398986765
190.98318472107144,175.70971121748963,117.64964817705712,317.28760227484247,,1629.1667621573147,277.94389766443743,1256.87319670477,120.0253100480891,66.90616500182207,103.03323154936506,301.7734514080794,146.26577984058176,192.20488925540033
191.3026746383658,175.95387193157703,118.85801937129006,317.8549703475173,,1608.0426536395244,276.3177670285671,1239.4942618897,119.92575719227202,67.29402182970502,102.88117549275142,300.50134325341844,146.26577984058176,195.47900866936365
191.39585282511138,175.9113667304796,118.5284802141194,317.89869399845253,,1619.3798455343274,275.6902400674096,1230.9829223692122,119.82957900953346,67.24554470998851,104.49297344980026,303.578997446896,145.8233954086105,198.7519745443764
191.5571654102077,176.3708892307055,119.07771214273714,318.85895129585447,,1635.7558386678722,277.94689912852584,1237.036988231292,120.35771534632582,67.14858548678664,104.73625437417888,303.70203985849946,148.4773743015234,205.4861145989103
192.44123025794337,176.58916556918015,120.17622476099177,323.0492846445189,,1692.732631852871,280.444927461242,1257.7635100975024,119.60853792288873,65.20927642852757,104.43213599937783,301.36305593552726,148.1825454086014,211.3790396140181
193.54218196013719,177.03821143533273,121.16486661301329,326.3667040587033,,1692.9264717080307,283.3894558014158,1267.450124157664,119.5224837593858,66.17891849823495,106.68258943123996,301.40408162275304,145.6759764107757,208.38608559842262
193.92588720965932,177.35651205911785,124.68009723922424,322.74377342902994,,1693.2171575625266,282.7890893281747,1265.6694973721994,121.35830591411457,67.97279121357562,108.476830862245,303.4968767722971,147.84231201051114,205.2990339111289
192.46159028438657,175.46699990240188,124.78991924443825,321.3033528366108,,1691.0853627252316,280.1070325776703,1244.9786228195653,121.74301864506876,69.86361816834932,108.26396240150389,299.55747524663707,147.10380609545467,214.18491294183215
193.06375001481598,175.90523829340515,126.32782959584186,320.38671525119577,,1736.9186560140995,279.91394452594636,1226.9586884451285,123.87075002109171,72.82106635110772,108.87218662795846,302.5941037528888,150.79626284875584,216.99079923075803
192.74190865784794,175.82577341781754,124.78991924443825,322.918390862242,,1709.4961568402477,279.5187272024532,1222.9344545210445,123.30886695351388,71.31809622421696,104.85789796715504,304.52279615352995,151.97774487437937,215.68138994962987
194.83109589706277,177.9196035704684,125.33918774382033,326.3230150540842,,1761.0466169326728,280.29710075141566,1295.192319905839,125.4011642622121,72.67561007311389,106.71299563330369,306.69760802745185,154.34083636409315,221.667285019709
195.48649757457602,178.41559736073896,127.31649582837292,325.97384948029224,,1794.0891411977707,281.1991604002664,1291.8447328546983,125.77237830085211,72.09381984752059,107.22996368412466,311.2935937990921,155.07936048464487,219.04846645745272
195.63450445225027,178.73276367226347,127.64603498554357,328.28728794613954,,1779.457411047689,282.11027968305274,1304.2379344066335,126.19252509913102,72.86953848705537,105.73982184319944,314.74058312782233,155.07936048464487,220.07783795693996
195.4191661068456,179.09816976353608,126.9869322906927,326.3667040587033,,1769.670642281189,279.09936926902196,1344.87185069264,125.9714840124863,72.91802557430958,102.24253254108564,316.34089678028914,155.07936048464487,225.03434856642005
195.78014077285513,179.6213397850494,127.64603498554357,328.7236929439053,,1766.9574757349021,277.64520595291606,1352.5997100802902,127.82755420568633,72.91802557430958,102.78993810183898,319.04928513866133,160.10098224108555,228.58846687868885
196.06518114305968,180.12959044946888,127.7558935615219,328.0690161546244,,1788.9534939596929,276.0492556829408,1371.082624807881,128.2207036193369,72.91802557430958,104.15844887293551,317.53095356049863,159.36245812053386,238.03551020606548
196.28285181074236,180.4478123015692,128.7445476037982,329.29123424816066,,1799.2247884358485,278.1037854722877,1335.8262361918453,128.19370623470851,73.40284660916328,103.15486888076748,318.0233657574285,158.03334773388008,242.52492826834686
196.40736340907517,180.78489209500148,128.63468902781986,327.1087242109063,,1797.577519308209,281.05133369044006,1331.5883357479725,128.24432633088668,76.94208501751496,100.87402803156284,320.4854960422253,156.851683653304,233.3590373782263
195.80912274476862,180.35448360946353,128.7445476037982,323.9222678716309,,1829.263608156651,281.3138052801093,1305.128247799366,127.56939171517759,75.97244294780758,98.86687430880053,319.04928513866133,155.81786639970127,233.73317283156547
195.93596666537942,180.27672020226677,130.06274080324513,324.79528574505906,,1815.4070895707207,280.1311731876082,1250.3205031759596,127.20830169577322,76.06940217100946,97.04222041415802,320.7727798030265,155.07936048464487,224.47313242529944
195.5005870952226,179.84517740446825,131.161241231245,319.7755888812696,,1730.1357396483827,277.85035510266385,1228.5968346571226,125.61039399308191,76.79664369082772,94.54849858106478,319.9520581580697,153.89787845902134,213.71782039463346
195.51469573326492,179.75024176999347,131.05141922603096,319.7755888812696,,1738.178393287907,279.0239459751195,1229.5227953634312,125.4011642622121,75.43912485816195,95.7953594976114,320.4854960422253,154.34083636409315,211.3790396140181
196.313401409105,180.20510098648143,131.27111199747807,322.3509188506188,,1763.275257769304,284.94618448545054,1214.280634427086,124.52037458871172,74.22705731972114,97.10303907985923,313.42741463586196,152.125436954643,206.79552388003844
196.54988359417743,180.53168839150345,131.38094619294688,322.438262213541,,1750.9690144551896,286.4576702414779,1209.401734423846,124.13228718467899,74.37251359771496,96.55563351910588,309.7752968710031,152.27323826787818,206.70256678617892
197.27812254938883,180.7243954411045,131.4908047689252,325.1444859651671,,1757.2675529677383,289.3569372397542,1214.7436147802403,125.35898084873027,74.17858020000463,96.92057055960811,309.0366266004977,154.93175032910983,210.44375282511734
198.04237867813913,181.95457284202803,132.80899796837213,325.668234325855,,1715.2131757873174,287.5950594059716,1216.2749277323398,125.47034506032229,74.66340123485831,97.01180795052055,309.81635720830246,154.04552502554688,213.71782039463346
198.46992011605025,182.6327025218046,135.55527951400867,324.1405743094621,,1736.3372843051077,288.9587000382825,1239.814870350218,129.5250147641947,77.47539812339174,99.38387992906388,319.5007062984392,157.5901713628652,216.05549948074545
198.717356568871,182.79379061714226,135.11589397111445,326.0174691922792,,1787.3062248320537,287.1153591546404,1264.2806649935706,129.2347928794398,75.92394589301563,99.17100520674903,322.5782911917693,158.1809943004056,224.00609172254798
199.83947122812828,183.7113232012466,134.56660109122285,331.6045687750596,,1883.624080794699,292.63031924345427,1265.420183538834,129.28035096600016,77.08754129550879,98.13701901251726,320.6906937785013,161.28262811616636,225.87666530034943
199.62491669594814,183.6974436303916,135.22572816658325,331.7355664962848,,1918.7985477535794,295.3244370919827,1270.9401917822752,128.3303804943896,76.06940217100946,97.74167576995129,318.8851477396847,159.51015930354512,221.38724723806806
199.26470672576747,183.59581240271206,135.55527951400867,333.0014043018079,,1907.6550478574486,294.75423257074664,1221.2963083090506,127.77693410950815,77.03905919202342,95.7953594976114,312.6888136655039,157.4425612073302,223.3508038319527
199.7274815239929,184.15729697169348,136.1045236328812,333.0014043018079,,1890.3101511610798,293.42677523250757,1266.3461442451426,129.75111786045727,78.49354223165993,95.24794767528431,316.9564553390436,159.80563449154874,224.47313242529944
200.0876914941736,184.49777970190746,135.9946650569029,333.56880702079883,,1889.050413887273,298.44997397196636,1262.8205379877893,129.35121910064962,77.960234109552,94.57890478312851,316.79235259014064,160.3964392235939,227.4661123631185
199.9255950958527,184.488342854073,132.36961242547792,338.2392690181641,,1933.0427460498292,298.57969982781174,1266.2749582988245,129.90804015860965,77.960234109552,100.08333528485716,320.19824693149775,161.57797586570314,226.71786737866375
200.27561549411394,185.17590938168402,133.1385736963071,338.9377041046963,,1963.9534754776316,299.2796302048932,1248.575523704071,129.74268117776091,78.15416252349348,101.42143359231619,322.2500163938161,161.57797586570314,225.22137740975418
200.4103166643662,185.5024180150213,134.78630605292472,338.6758126011943,,1932.9457521940053,299.33393276683614,1266.9159578581916,128.57673162912343,78.20263964320999,99.07978033898407,322.4961705171705,159.36245812053386,218.20723845691484
200.55908823786933,186.79430515378715,133.9075227768815,338.76308667148425,,1894.7674328343423,299.5240009405815,1280.80482504865,129.2347928794398,78.3480859536661,98.13701901251726,323.6862619474537,158.47628743345663,215.12022565295652
200.62487119654634,186.83818098219942,134.34690831977574,340.0726134816265,,1890.7946768707359,297.00185041181743,1252.8846100942624,128.7150932253438,78.29960385018073,100.35704119602069,321.1830713253575,158.47628743345663,213.15666905907187
201.65143711198854,188.17388093202973,134.56934389854587,344.0010553267888,,1881.395439958068,298.1331998203541,1228.9886290639583,128.89732557158524,78.63897359080944,100.20498513940706,320.97790823915517,158.03334773388008,211.3790396140181
200.85037999647474,187.73290128639675,133.902061542745,344.0883293970788,,1865.0194468245231,292.1747596020611,1200.2136393495805,127.24711043617648,78.54202931891416,99.47511105840258,320.19824693149775,155.96554937721731,212.31431344180703
201.1753374889454,189.08640363698322,135.57027352737455,344.2192578256717,,1899.418702219252,292.80528802730703,1201.3532665756782,128.82814477347506,80.04498449449832,102.88117549275142,324.0965881198584,156.99936663082005,209.60253778569125
200.23724688090132,188.18057652523447,133.902061542745,343.2153808162828,,1877.6163759931337,293.647023772148,1160.398850509988,129.36977980258163,81.06311863522878,102.02965781877079,324.3838718806596,159.51015930354512,211.84724681683193
200.4917376527432,188.75649206686424,136.4599792716908,343.7827488889576,,1891.5698884348874,293.41471413448363,1161.5741250496621,128.06209398464523,81.11159077117644,99.35346120385266,325.24558456276844,159.36245812053386,209.50844011399298
202.11031196148687,189.02533982695593,134.12449712151516,365.8257052972225,,1933.5271239029971,307.50680899621653,1142.6994159152348,128.19708090778704,82.56609872965726,98.98853668649791,327.42046573683774,157.5901713628652,212.03427566016612
201.46508073849736,188.33608758529104,134.56934389854587,366.1749401636467,,1922.189932008194,306.8551414251209,1139.885995163567,126.21277313760228,81.354011256141,98.38031246004333,324.30175120606077,153.01158033347735,207.63784061396788
201.65535617811142,188.56597487009958,136.4599792716908,363.0758271872934,,1903.3914581828587,306.7133544712516,1180.662392023044,125.3826035602801,81.30555407149994,97.62001965382764,320.4854960422253,148.87615657235673,201.09076828610358
201.9764137218549,189.03195664847593,137.34970939651657,363.0758271872934,,1918.6047078984195,309.3863515878205,1143.4472487344965,124.56593267527208,81.93581144927201,99.80964189684107,315.5612701227054,150.05777513919466,208.38608559842262
202.64043734483846,189.87229298151377,137.460933281029,367.26616053595774,,1938.0813994320831,311.4921640611319,1090.0640924841293,124.7194803003459,82.12973986321349,101.99925787828077,314.37124799256964,149.9101194699215,205.58018634838496
202.89804425218293,189.94674797795054,137.12727381774644,368.70665042100904,,1939.2442907065542,309.5070362236205,1078.2763518588192,125.3876655698979,84.50540280414745,104.43213599937783,319.29547391208945,150.50078766075225,202.86728307554222
202.85967563897026,190.01781579194255,135.23662625434673,367.8335632549486,,1898.1589649454445,311.7485958948442,1089.9216119106586,122.18847549143676,79.99651235855067,101.93843295100582,313.42741463586196,146.51316521286682,197.81668775547567
203.15253502402481,190.067252901299,134.12449712151516,369.0994010604718,,1903.4884520386822,313.7156412922647,1084.0100266220495,125.47540706994009,82.17822695046772,103.21568128489498,316.5461291666389,151.38709488904388,201.55786083330227
202.38829801267025,189.2491774463748,133.902061542745,367.04785409812655,,1878.8759654104535,311.12410722555524,1079.024184678081,123.05914114570152,81.06311863522878,99.74881696956612,303.86621190754977,148.87615657235673,201.27783601277315
202.20662540113076,188.92871847842721,133.5684142697172,366.08766609335675,,1860.659011150597,310.16168684491436,1079.024184678081,121.76832869315786,81.06311863522878,99.6575795786537,287.45214283418716,148.72851910857884,196.13313005989653
202.40552278621516,189.0697828114985,135.23662625434673,366.3495229505426,,1890.3101511610798,309.461774881723,1123.219354535017,122.28971568379315,80.67525682357697,100.78279690222416,294.42808624091487,147.9899858852795,192.20488925540033
201.93804510864223,188.82595293848712,133.67963815422962,366.87334060386274,,1896.414849818469,309.5371981756254,1099.3590208182893,119.50898506707163,74.42099071743147,97.8024944356525,292.1711883424678,147.2514890729707,190.8025358415245
200.8222009551816,187.71127058176117,133.4572025754595,364.0219141414049,,1861.6279147134208,308.00157180966005,1108.6181931580388,119.50898506707163,74.42099071743147,97.8024944356525,292.1711883424678,147.2514890729707,190.8025358415245
202.4681513745981,189.22029974674115,133.902061542745,364.9869526304306,,1894.4767469798464,311.49820381708895,1112.891740915488,122.35214713574622,76.65120236414047,99.14058648153782,296.47989035330687,149.17167727409847,199.68726133327718
201.9364774821931,188.41271668022722,133.5684142697172,361.4775233323451,,1872.0930490447363,307.4525064342736,1121.9728940490247,123.91293343457352,77.66933152110207,100.11375401006836,297.66991248344266,150.6486162822303,203.24139260665783
203.5166640603284,190.28883765053368,134.791779477316,367.26813537597616,,1901.4535032007234,312.09857029033,1131.8019886826573,125.86686914705139,77.08754129550879,103.55021838490721,303.25065334879537,152.56860422291027,215.12022565295652
203.36397342070237,189.76735334307423,134.23570881577282,364.5922271509494,,1902.3257086206986,312.5420504198091,1113.2478880087479,125.73863157006664,78.10568042000811,105.6486032370082,299.51644955941134,152.86395197244707,211.47312432460456
203.7821090999186,190.02394422901702,134.56934389854587,365.25016069394496,,1896.8023816723012,313.94493105195056,1123.7535208344893,125.1278157428499,78.05719831652274,108.84178042589471,297.2595516609643,151.97774487437937,216.8978162146749
203.70380424704416,190.2077658325769,134.68054340254878,367.9262075042362,,1890.0194653065842,318.0479508746874,1128.2407351117276,124.96245676200117,76.94208501751496,107.68615690026051,295.4540056221477,151.53477786655992,218.02020961358065
205.70998375403713,192.27216688380082,135.79269691588993,372.35691699409597,,1930.0387457925588,315.9964593772091,1130.8760279763487,125.09913102168227,76.79664369082772,110.24067861433377,292.62257485217197,151.83008010235858,216.14961011355555
205.63403034083638,193.1108017484478,139.6851915466922,365.60112787617476,,1823.1589094992619,308.2278416913674,1095.227953634311,122.66936640512951,74.32402152669188,108.56807451473117,288.72425098884815,149.02399429658243,211.84724681683193
207.3183684908613,195.78612447800958,139.24034476966148,369.24221317549166,,1817.635730407352,308.15241839746494,1099.8931871177617,121.43929806799967,74.56644201165645,106.86505168991735,288.06761476775745,146.95615042618152,203.42843441110378
206.89864606780023,195.45734722015118,139.90762712546234,369.6370772402373,,1810.2714423326433,304.7613900498335,1091.6310527498051,121.93368767400659,75.68153537558878,107.89902536100165,286.8366016004696,149.2742652398656,199.96842673164502
206.68095628272184,195.92890603380866,140.46368559675076,355.68687664239775,,1783.3333210119595,301.29493840829963,1086.8946333200358,123.32742765544589,75.05126803027899,112.00452636642252,290.9401058750326,149.42218488881994,216.99079923075803
205.90809732589693,195.04637958641243,138.2394151408328,357.92409321279536,,1784.9807379960862,303.2469028297177,1081.5527529636415,122.40951657808151,74.22705731972114,109.54123578168797,290.6528567643051,147.942678905857,222.13549222252286
205.88460204655544,194.7259048641279,137.68334447928962,363.1444615395142,,1795.542718326738,307.23829765059014,1115.5983284072613,123.62777355943643,75.24520641175818,108.75053677340856,291.2273896358338,150.90161804980187,225.96962239420895
206.488329403434,195.29514056688987,139.3515442736644,361.87224881182624,,1794.5736669074265,311.0245617356049,1108.4045266382498,122.30996372226441,73.98464680229428,107.47327591637192,291.14526896123493,148.8303424435452,225.71436625833763
207.62531739656245,196.24437087694233,140.24125001798063,369.1983855856081,,1826.9379734641961,312.8709224972255,1122.2578551959662,122.72336117438623,74.42099071743147,107.89902536100165,289.25767154796694,150.60558759419297,227.87428369605544
208.29012483277057,196.70308990598363,139.90762712546234,373.8923031389822,,1804.4574295297498,314.0927577617769,1171.3319250561422,122.83810005905677,74.56644201165645,108.75053677340856,289.6680150454085,150.7535345513902,226.79431201608475
208.61275000296317,197.66112689039244,140.13006270423247,375.4276892838684,,1799.7093141455039,313.9057094660101,1214.494300946875,124.54905930987937,75.09975013376436,110.02781015359264,299.14714907423235,150.90161804980187,227.87428369605544
208.5140851236456,198.31149742845898,140.46368559675076,374.41871926601084,,1820.3488969536388,313.94493105195056,1207.3717938050158,123.03045642453387,73.59678997441134,109.81492916970406,299.51644955941134,150.7535345513902,224.95774839565738
207.66525363622424,197.69225746021027,138.5730746041154,371.52336127472114,,1836.8217360865199,316.5214025565477,1203.31202124819,122.2120982029866,72.77258424762235,110.21028493541752,298.49056482825216,153.86033872780362,220.63791352022176
209.52891295811494,198.8463729223279,139.90762712546234,380.9990247928172,,1842.2480691790934,321.0588428748281,1223.1125824080914,122.51413144351642,72.48167667540355,112.18701367139488,296.8902165257116,154.45218117307837,225.17373236276205
210.65257612642566,199.97934606425548,140.79734506003334,378.93718787458624,,1845.15507558054,324.96579159564277,1206.801980191967,123.3696110689277,73.79071340458395,115.07607874705408,296.2336322797314,154.45218117307837,233.27409025146176
209.97211154312177,199.6772724075313,141.1309801428064,376.52445306675764,,1812.2093973147785,323.0168654660933,1179.1310790709445,122.63561967434404,73.40284660916328,115.10647242597037,296.8491561884122,151.78925427924716,227.87428369605544
209.79827706382804,199.45061476179797,141.46463960608898,375.16451586667023,,1829.6512878669705,321.28813263451394,1171.5812388895074,123.79481987682443,73.88767262778583,119.05994242107253,299.2292350987575,154.008258376758,227.22633179474136
210.2148642339908,199.8994085585593,140.46368559675076,375.07679139427086,,1827.7131850283479,320.8899138469323,1181.1253723761984,126.77465620518011,76.89360291402959,120.82377765001384,303.4148253978457,157.11509896416194,231.22151674170613
210.1185507943469,199.67171112658713,139.90762712546234,375.12058433783835,,1840.503954052118,319.83096785431957,1158.119704738627,126.86577237830086,76.3603047594594,122.29886666767686,303.16863662441756,158.29872923822563,230.1415450617354
209.89615812992105,199.60839444637566,140.13006270423247,374.63806509332545,,1819.3798455343274,318.81124344764737,1129.9501759508742,127.7111279844765,77.4269259874441,122.48327001421254,302.6351987402619,156.6713582227941,231.11417281374398
210.06217359436482,199.83497332042424,139.01793357140087,375.99796764709674,,1804.6512693849095,316.5877662165146,1109.8291150112889,128.3607525520965,77.81477284778931,122.51401434125802,303.82518622032404,156.0795521885099,231.76215063728165
210.44742735294037,200.34483092721285,139.90762712546234,376.0418645296126,,1867.3450815169779,316.2166895029594,1123.0768739615462,128.91588627351723,78.05719831652274,123.7434367749489,307.76455309591046,155.63562939218951,233.8134280358569
209.35664610527033,199.39068526403128,138.90669749663368,375.2523096317019,,1860.0776394416052,315.6917463236208,1108.7963210450857,128.91588627351723,78.05719831652274,123.7434367749489,307.76455309591046,155.63562939218951,233.8134280358569
211.09501001560363,200.23593695019827,140.79734506003334,377.0508345474702,,1948.3528417647265,321.3032320244065,1141.488602742819,131.4283303804944,80.23892287597751,128.2309188245824,315.84851923343297,161.84932877249264,238.8899066961964
212.44576872768758,201.0318302986936,141.90947419286493,378.8055318733549,,1986.9186929782213,326.57682284162047,1129.8076953774034,131.60381338057877,80.96616439579577,127.46252354195184,312.72987400280334,161.25748632721792,236.94594730335967
213.3016354167344,202.26153506950854,144.35620460806257,382.1396508119061,,1992.538865925955,327.7594733480117,1120.4415810969251,132.7039568041846,81.11159077117644,127.9850393471032,316.3819917676622,164.95660629178275,240.8337883223623
214.80194951554608,204.04205872318818,146.80291064275067,386.87746524779607,,2034.7869351050483,332.53526305991346,1127.4216076653136,133.41938749683624,81.5964267573367,129.9828695865721,317.03854136356875,164.95660629178275,234.78602986564186
215.15902423282847,203.9382533970092,146.24685217146228,387.2722253735934,,2054.7481523483675,333.95622613214584,1198.0413268381137,133.93908715093227,82.56609872965726,132.87205989370602,319.2544482248637,166.73187875067336,235.86600154561256
215.43936172368555,204.7674671681587,145.46834593114895,387.0090519563952,,2028.1977107380033,333.7510953962881,1188.354712777952,133.07010883320677,82.56609872965726,132.38030093874767,318.0233657574285,164.21638906017228,231.00553277460142
215.19974428571484,204.63300390227047,144.91227526960577,385.25428533787823,,2059.3024278774537,332.64990793975636,1192.3076520748837,131.95140470766896,81.45097546311175,130.53611719562147,315.5612701227054,164.36427229813611,230.5735389181684
216.71338320934427,206.29141569023255,146.35806386571994,386.3948420643349,,2105.0388751669852,333.5278453925593,1203.525687767979,133.91546443938242,83.63270500633536,133.08722009043464,316.79235259014064,166.58383166325223,231.6534846759155
218.1761125081679,208.1342162378848,147.13657010603328,393.0628720635406,,2143.7015723798168,338.57818620604445,1197.3646799651706,133.88846705475407,83.87512549129993,133.85561537306518,317.4899278732729,167.17447254584008,227.9816276240176
217.40715350007017,208.05089154974388,145.69076931966433,387.5792956733074,,2146.6085787812635,338.42733961823956,1211.0398806358398,134.70345060322282,85.57202901590102,130.01361391361758,319.04928513866133,170.57864528176373,232.5174723887815
219.4540530599495,210.6545950635203,135.45907402337164,395.43174463516954,,2107.558201858112,341.51063503430413,1236.3248027256066,136.99316628701595,89.01429823351309,132.62618041622684,321.7985952340383,173.5368197949078,236.94594730335967
219.0993297823408,209.86539730822975,134.23570881577282,395.2563649830029,,2134.9807010319646,340.84994465705324,1227.1011690185992,136.61182822914031,88.33552884964249,131.73483287170924,323.76831332190517,176.1989911606859,241.59045802948978
220.06013185650178,210.30024851678823,133.4572025754595,394.81763868205763,,2136.2404383057715,343.17900713409347,1246.5099357716647,137.0454737197334,88.52946723112169,131.79630900265278,322.9886173641741,174.42371870179528,236.18932944067944
221.83529675359856,211.4527412821998,133.67963815422962,401.8804634533767,,2205.2326410939013,348.70000697886434,1251.99429670153,137.8132118451025,89.54760137185215,131.0893898509658,324.91730976481523,179.89760137138356,237.593951049121
222.31764776504264,211.42217786851228,133.01233141791923,403.15271082738093,,2425.2907043365567,352.97195582949695,1256.3746777188735,136.13093731544757,88.43250302415095,125.80275566850878,326.6408044291803,178.56661581871842,234.4614058593946
222.19315528410553,211.75538209505427,134.0132732370027,402.80167435251883,,2531.976700774694,351.2432598256978,1231.8020498156263,141.19632160634438,93.76560418030559,128.41532217111805,332.4267776808827,186.55617023376038,240.8337883223623
222.3270535237375,212.8900567053727,128.6749656295767,405.03906415449694,,2613.3722885892494,353.0926404652969,1202.4217078554575,141.19632160634438,93.76560418030559,128.41532217111805,332.4267776808827,186.55617023376038,240.8337883223623
224.95967185372595,214.69625992828466,129.56469575440246,412.62833969916085,,2660.8528510057567,354.7428932972151,1220.975808529367,144.31958154053825,96.62608815609323,127.33957128006479,331.0315578144709,196.6155984319243,246.99023866267248
223.4452491168719,213.26667988455537,125.28342951850688,412.0141298071006,,2757.65508482157,354.66445012533416,1244.7649562997763,142.91403020332405,96.23823132821029,128.75343462973373,325.98422018320014,193.95349988812723,242.777747715199
221.00996054551868,210.3419502467011,124.60744332080094,406.8376237165814,,2701.5503492000594,351.07731384800036,1231.552735982261,142.54956551084115,94.49284570012384,127.46252354195184,328.0769806826706,192.62074840242227,238.6738968068681
221.1180311835312,210.92675123437198,123.59344573885987,416.7958064791902,,2619.1860056791675,352.9628961955614,1261.7877440215861,143.2768075592677,95.5109798408543,127.40104741100834,334.60162420487825,194.54412256521982,240.6178302774812
220.97472718520436,211.2277851048573,123.03013406598392,413.5056883621032,,2568.5078988632054,352.2871064284179,1243.7678096471493,144.25883742512445,99.48656216434316,128.44606649816356,335.87369770946555,194.1015469755484,243.85771939516974
216.28817409371118,205.85769879393462,120.66417627888572,402.62622540772,,2591.375974651484,335.45264932606085,1224.1809150070367,141.80545009702186,96.81999663495927,125.40320464839196,332.1394939200815,193.06499889765726,242.45439389790855
207.4248523850289,196.3781882150155,115.36891246104908,386.0439441747373,,2463.759709550716,318.52766953990874,1186.3604194726981,138.12705644140723,92.31112114066907,124.02007310262107,325.61491969802114,190.84551235452216,239.21320866903963
211.04253276434866,200.95189279299737,121.22750014201647,400.65211296188846,,2574.8062895192666,326.0096381983629,1189.351859430579,141.55741162574876,96.91697080946773,130.53611719562147,328.2821784189466,192.62074840242227,238.13328883351613
209.98698487699295,200.79524742068025,121.22750014201647,393.10673429974037,,2563.5659436237997,316.34941682289315,1228.6324819706988,139.65578334598837,94.25042521515927,128.20018702068435,327.8718175964682,192.326219900172,236.83730726421715
202.10482526891488,192.46373962114126,117.50955776925164,372.92723000364043,,2423.4497432102453,302.15175512914306,1122.614002289226,137.57361005652578,92.35960324415444,127.83134275817063,320.89585686470366,188.9221381917246,241.59045802948978
205.12348117070346,195.12913711842305,118.63620549551312,386.8335337189642,,2417.345044552856,313.09115262297576,1105.4843813075215,136.50383869062685,91.00209437902639,129.09153456520195,317.1615837751723,186.7042355266768,239.75386848683883
213.86621034717575,203.27173466356655,121.22750014201647,408.39615360063135,,2715.7945474963094,328.700754582803,1189.7080065238388,142.22728423184003,94.05649680121779,141.23227520668516,324.17867414438354,195.13642014787595,254.7659466229013
213.94608282649932,203.42508737946062,119.53750417211468,405.4872488997413,,2698.8371826537727,330.2937033886898,1194.7649257332916,142.62212098202986,94.15344107311309,141.4781672073118,323.1527894132244,199.7219110599658,253.79334479311635
212.69634043340665,201.371178716647,119.76286541202938,408.6606089315258,,2699.1278685082684,332.6046465978589,1192.2008188149891,144.78022441575973,99.09869536892249,139.87987546481227,322.8655749525705,212.88927217524903,256.81722402147653
211.52725433286216,200.02435620492832,119.42486621804905,403.2393612639807,,2723.2559772833292,335.28368347038486,1186.9657717184891,145.19868387749938,98.17753540270049,137.69762935566027,322.29104208104184,217.4764379929024,260.0571131391651
211.73318691957195,201.35287217710837,119.76286541202938,404.2972172338745,,2695.1552604011495,333.8627203981525,1232.7991964682533,146.26845524339828,100.55316844102128,140.37167198921304,322.7014029035202,219.69426783596924,258.113179668552
215.1269261254124,204.1559625793536,120.55150175405575,414.566627854131,,2770.639545844013,339.94486513022395,1253.7392761734186,147.29266852273685,102.3955282436162,141.6318512730969,325.28664490006787,222.4994615724778,262.10971257114437
217.65617669673577,207.3766374368576,122.6921470622583,420.5607177122968,,2850.3877166744414,345.06156960367605,1272.863299141211,147.90010967687505,104.33482235056869,145.68902545242062,318.31061486815605,223.2858115290668,266.7528753416468
214.89044394034,204.9628997180525,119.53750417211468,415.1837133904287,,2815.9883134232255,337.3804731375409,1249.9643560826999,146.68860204167723,104.23787807867338,145.473865255692,313.5915866849123,217.4589607174567,265.78154370081864
212.50606499379256,201.89104032740036,119.53750417211468,413.2884559600715,,2823.4497432102453,333.28949599893787,1221.7236413486287,144.23521471357463,104.04391976211873,138.4660246382908,309.15973831224863,209.74412722582662,262.54165458313014
209.67454927871975,198.5014632234303,115.9322485144346,409.23358970741106,,2813.856814298905,322.6668910706075,1178.5256181443194,144.06141905002954,101.95917934471015,136.62186594145956,304.4817358162306,214.41796940639347,264.5929319817054
210.73793529832125,197.92940749435382,117.17154638501653,410.11509592828696,,2917.1511307694527,325.50281428689544,1193.447279300981,144.707668944571,104.28635021462102,134.4703391130581,308.05644531650984,213.63058173657487,265.1335917995046
213.06280179198822,200.64529764156788,119.19951716838911,412.71547518418635,,3052.325671656577,329.1261522721912,1187.143899605536,145.14975111786046,107.24379839737941,134.31666757042046,304.9023184104417,214.7335798721501,267.94148706076004
213.62504440015155,200.72079242424348,119.76286541202938,411.3050583015215,,3151.356694165509,330.37214656057074,1168.8034654514156,144.52543659832952,106.17716221808813,133.67121202652953,305.2387359757075,218.04432200642037,264.0536201195339
213.52167664148652,200.05323390456198,119.76286541202938,413.685121633255,,3112.0156313878624,334.7708198029603,1183.4045181475597,144.24027672319244,105.06207383792466,133.20030411211323,306.6686405658634,219.93641912836824,267.6168630545128
214.47464058340177,200.8102613037958,119.53750417211468,416.19736066096164,,3071.705517190904,339.70651573660257,1172.0085719290855,143.39829579009532,105.20752014838075,128.87945506275162,305.82754467758843,219.14904966404492,268.48079892293157
218.2019592271831,204.36366775773328,120.88947656752657,425.49715947846556,,3211.628025605786,349.97616321924886,1165.1353786205916,145.7369442335274,108.55283512655983,130.86890731656123,312.38815497626604,217.7286751296732,268.9127927793646
217.9239731759997,203.09621559558047,121.7908240051472,426.5108067489985,,3113.372066804518,351.32170299757877,1230.4487560697396,146.62954526280268,108.26192257057217,131.9879757747226,309.02373677309237,226.7156540133013,275.50121105388416
216.5371972903768,201.71221284865433,121.45282481116686,416.1092897254011,,3060.8528510057567,343.37813494177436,1217.378907644861,145.75887960853794,107.19531629389405,130.96216719579053,306.7527709447351,228.4499276968756,269.2374427078355
215.29762535180788,199.70444863877407,124.15678179224538,413.64101687284256,,3115.7945474963094,346.7932854854537,1163.212271261656,145.1969965409601,108.50434305553674,132.42315514939926,306.45834926875784,223.7205587557782,264.8089677932573
215.1292775650861,200.63642794986373,124.72010565537613,415.0955038696037,,3111.337265823047,346.8204275594801,1159.544184430832,143.3021176073568,103.31669817737593,131.80146853941153,302.16867014836384,223.87841860514231,261.893702681816
215.49573892366766,201.2240489638491,125.62142871248723,416.94662189323236,,3085.7560234884813,342.6419844428408,1144.4088567543813,143.23124947270733,103.89849338673807,131.49061897284392,298.5939606480846,220.8833233476192,257.0332339108049
212.43479534254357,198.51702850833922,124.04413164792496,409.4098355174804,,3037.597095507159,331.80817219491547,1116.6666610062066,141.58947101999493,101.47435830985646,127.76037408144279,298.50986491928654,215.99440144609892,253.25403293094482
212.7495823804905,199.45560888661186,123.8187582177555,410.4676221947419,,3076.550478574486,331.17160401371245,1105.9472529798416,142.0129924913524,102.58945665755768,129.31464696057574,296.32299481972734,215.99440144609892,253.0380230416165
212.35727430289373,199.09295980430593,125.05808046884694,407.6028222542643,,3066.66686380865,329.1110528822986,1127.2435884591007,143.38479709778116,106.9044137054441,132.11231810597914,297.7528647598096,214.57575643377652,245.36965900934985
207.01375190743815,193.24962896567186,121.11483780744128,395.7467142949574,,2971.899430974308,316.50026341069804,1100.7835005104942,143.03214376107314,105.30449432288921,130.34045553950784,294.47250763536033,211.42291055986084,246.66561465642522
202.67331926547908,189.82397443008094,118.97420468949349,384.24327118736994,,2916.0853812072924,308.20069961734094,1073.8604322087335,142.3723951742175,105.44993066580759,129.31464696057574,291.2342503504205,216.9413056653499,242.02242596369916
208.17737043280636,195.2235055967676,122.01616086455238,413.3325260741679,,3104.1668176034977,317.7462576990776,1083.2620851219538,143.57209145364044,106.80744949847336,130.55805774999365,291.7809592127919,221.3550641406906,246.23362079999222
204.58083389315442,192.4415575147124,122.01616086455238,394.3363320586088,,2913.6629005155014,303.23180343982517,994.2307458487148,141.41230068337129,103.94697549022345,127.01433261705104,292.53795937226886,216.9413056653499,244.8302953027311
203.98414173790127,192.3666141338301,122.35413567802318,393.9837018532055,,2769.0891227157094,303.06889575399634,918.0199411669889,141.5236648949633,102.78339503903686,129.1281397252647,296.4911862773234,219.93641912836824,238.6738968068681
206.79294598685715,194.4209954267523,124.83275579969657,402.2697494612281,,2861.9187484244044,311.28401344729565,947.7564302204175,144.04117101155825,103.80153914730505,131.21085185830358,298.2575430828188,220.72548170375038,249.25752595057605
202.1737243630944,190.71924613607163,122.35413567802318,390.149220817343,,2715.9885352079564,303.6451216172993,899.1452863729788,142.86003543406733,101.32891199940035,133.66657846196463,295.65009038904844,216.4678717612196,240.50919023833865
204.72411877408553,193.8583765455103,125.62142871248723,395.39408408955416,,2748.740521475046,305.7388729925867,952.7421634835522,142.7874799628786,100.40772213056516,133.26246901616776,288.92120200759064,215.83830752977465,236.94594730335967
207.0920567603126,195.721200855429,127.64939949585983,406.9417012501863,,2799.8063080013276,309.27774646393465,1021.866108336995,142.34371045304985,98.80781271554801,132.26774288926296,290.5613632447784,216.62567699409797,236.4053393300077
208.513301310421,197.6645140728372,127.87473635526499,407.16205182066824,,2848.5466076916423,310.0832805008136,1088.7464460518188,143.7779465114317,102.54097455407229,134.4437149015311,290.6033764591038,215.52269706401796,249.5821499568233
203.94263787179034,193.0469179121061,125.9594279064676,397.6860071930949,,2798.93425043784,303.8170889370637,1065.883150306884,143.11988526111531,103.17126183445752,132.85837209351837,290.1828285149663,214.8914215160189,240.94245428372844
204.6231024550942,193.42070531063735,126.74807643874873,400.0660012321962,,2809.3992369126677,306.35433885572036,1031.5527223971567,140.56694507719564,99.53504426782854,133.51115367868084,287.6595235251044,218.20212723929865,230.46619499020628
208.04582363284814,196.88031044236052,129.0013718912717,409.365765403384,,2888.2753501796087,311.2387521053982,1085.114006534571,142.59681093394076,103.7530570438197,139.38626308402795,285.9772970984808,216.62567699409797,226.79431201608475
206.8962946281265,195.11743164606747,128.7760472221213,404.87016336344357,,2942.5389768183204,307.71797948803123,1071.6880110164327,143.83869062684553,105.69234118323445,138.76456395089275,281.7717830070321,214.1040520516956,228.52226151959317
208.6033442442683,197.48568659409116,127.42407482670943,412.4510198532919,,2996.608615745385,311.50122369506744,1047.2934023193984,144.17278326162153,105.11055594141001,139.29301572794614,278.82791274799604,218.67557934892417,227.33364980047986
208.0011845138389,196.49426616968034,127.08606344247431,410.24727162426,,3019.8643712439834,310.5237407523142,1069.5868844512845,142.29983970302877,102.78339503903686,139.82145498185207,277.39799083280326,213.47281291468704,224.85043038991884
209.6878741035375,198.2115519148333,128.21272335899056,415.0514337555074,,2982.3644174491355,313.1514765269857,1037.072621959764,139.81608031721925,99.97138319919685,138.45370186117765,270.2065239678458,212.52589048994085,223.1224549641868
211.92346235918603,199.93443044960435,128.21272335899056,423.42558694540674,,3256.3954214760065,324.0667518247705,1024.5370485151923,141.88138024128912,101.95917934471015,142.7745509105393,262.84679634514487,213.78842338044367,224.09376068279138
212.0996482781535,199.6233925751543,127.64939949585983,425.0563890448695,,3241.4728576149414,323.4392064497228,1044.6937567683535,144.7329789926601,105.69234118323445,147.59276928492702,267.7252321923093,215.99440144609892,230.03422705599687
210.88513924537523,198.952446873028,125.1375243591766,423.60190204810834,,3223.8374229205647,328.15165237963623,1068.660923744976,144.81397114654519,107.63165522526236,148.6807678142086,263.2673442892824,210.47771765716394,224.85043038991884
209.0849114424878,197.3234641864929,123.5390406318258,418.70959968866816,,3176.0658789365866,323.7046979173706,1033.6182016487292,144.35164093478446,108.40738881610372,148.0590561579259,266.4215058454241,212.68369572281912,223.66179274858195
209.09666864085642,197.20852054408863,126.05091576850901,420.25219226730604,,3088.081510324449,322.04236557353835,1009.1524070053763,144.43938243482663,108.98917405792814,147.65494671212903,264.9495707159061,210.79161680636656,222.69048702997742
206.29883777704455,193.78393730341048,125.1375243591766,410.4235520806455,,2974.999981517939,307.7209993660098,1009.4729067850599,144.21496667510334,108.60130726250748,150.17285074299207,255.06652077830648,213.94624681881726,221.39453138290204
206.67782102982352,194.26548436669574,126.85015763218442,406.85352637567746,,2962.7908799161355,308.0830348595195,999.6082735186853,143.49784864591243,105.35297642637458,149.05378228483073,256.62256896165945,212.52589048994085,218.69398004960865
208.83433973676878,196.18935673230476,130.5038086012975,415.4480994286909,,3042.442056890741,313.7729821460763,1016.6667085540714,145.75719227199866,109.71640561020868,151.3851790803827,258.893604090164,217.09916551471395,218.90996401671336
209.06690285571835,196.0994152226438,131.18886434855156,422.3237648003649,,3020.930416519118,310.7590702679571,1047.2934023193984,145.86180713743354,110.10427240562935,150.29718055110115,260.65992624558567,218.67557934892417,220.85389748732646
207.35516947762483,194.9052994990042,128.33445524311392,412.1865298760814,,3027.7131850283477,306.92152349897793,1046.6524027600312,145.30498607947357,111.3648369988621,151.29191920115343,254.2254248900315,219.93641912836824,223.92993222958663
206.38574545799355,192.9841683880249,127.99190908410472,412.1425290546172,,3036.4340563762003,309.0484567042488,1072.4714911492706,142.65924238589386,109.57097923482802,151.41626153240998,252.83758548931146,210.16205257492152,224.48627499266885
205.92061922009438,193.02587011793776,127.87777172870247,414.6106633219113,,3020.252050954303,308.8493288965679,1012.9986217232474,140.53488568294947,108.84373771500975,152.59749489462587,227.14167990660422,204.95926793518916,215.90865008400422
208.55870512525908,195.7067541284437,129.7045667376221,419.41482545315864,,3101.647343055883,316.23779182102874,1047.3290496329746,140.2480384712731,107.97103991719767,154.4936997923537,227.09963204220517,199.7564468844663,217.2455239610454
209.2798897614493,196.47151690712116,129.47621888528897,424.0867079494846,,3161.434296642992,318.2229564863204,1078.240704545243,139.56635450940692,109.81337978471713,153.06378176762473,222.89408330068287,201.9641908831613,221.70178749933166
209.2242963746918,196.49483332581065,128.6770014021231,422.2796600399524,,3167.5389953003814,317.95746501867256,1075.3917451608331,139.9746899519109,111.07393441041218,152.90834446119345,221.0016002270273,202.43591347073752,217.3562507391884
211.25005209490334,197.96553218898555,126.27927581109688,427.2600679812691,,3200.5813717089923,326.66130576945847,1092.7706799759028,142.18341348181895,120.14020737262882,156.203384931623,219.15114769273387,202.27807182686863,220.25283888851988
213.22960106965652,199.5544988596617,127.99190908410472,431.5353540970438,,3193.798603199762,331.1293625497935,1086.2535250798346,144.8764025984983,124.84303121593594,159.77820503974033,224.99685767144402,206.5356999748946,234.62494916813964
213.59371098856434,200.29369234946554,127.76357342202638,430.60974311575535,,3163.37210376864,331.3375499914099,1072.150991369587,143.79481987682442,123.34005610527635,163.6016722409283,227.18374509604,203.3828358954837,229.3881674770062
213.7824188017293,200.84413312824339,127.64941168611459,432.0642647588326,,3183.4303148677827,331.92281707475837,1039.7792094515373,143.8150679152957,127.21868418933218,168.69965772985643,231.76779391730085,201.64856221190942,222.2581561846375
212.31968950290567,199.28735256796085,128.1061073907808,428.9349748411444,,3160.1745593691853,325.5963200208887,1012.0370137033626,143.64295958828987,129.88523975117835,169.88090361521978,227.0155189883703,197.39089765289293,213.56843061997859
213.181826697749,199.7916488938053,130.16127463254307,430.0415781778099,,3180.1357766125043,326.3626324718272,1020.227962125001,146.01704209904665,132.79419586291365,173.76656076675724,228.95006725146172,200.54381634878965,224.93190393871987
212.99937027298492,199.34841637798812,130.84633037979714,425.74782557554676,,3151.356694165509,325.40323196916484,1013.319121502931,141.09845608706658,125.81270318825648,172.15012298356976,223.39874429865523,192.66158332828132,214.0140595660296
212.43871440866644,199.35736484137706,129.36203276886764,426.5445869072091,,3141.279091688026,321.71353032390215,985.8262395881214,140.18729435585928,124.35821018108224,170.25393060898938,229.5388586283058,192.66158332828132,221.8125272385865
214.00794671905342,201.76270549858657,131.41721220088468,432.03356812275604,,3215.310243571385,325.7019052667961,1013.1409936158841,138.0494389606007,121.4492341342715,164.75182315111695,215.91287308275727,192.18813121865583,217.91395441901008
213.33686877704872,200.31982879446946,131.53141050756076,431.59092678808986,,3213.372140732762,322.7302348525959,979.3803793192056,139.60853792288873,120.040402417407,162.70020599325278,220.11840449924276,194.86929091598583,227.8284791269395
214.02987437194577,200.74250190056384,130.61797033720924,436.72571871400845,,3340.310188125202,325.7350870967795,993.8390601227129,136.44984392137013,113.04496515747513,161.4567826806874,210.8241632635241,194.5536622447339,223.37221558865318
213.59684624146266,200.13712574883317,132.67314976922628,435.1764393963607,,3384.5932061422545,325.59933989886724,989.4943264189454,135.1927781996119,97.54802559025765,163.07323298702238,211.95966350273955,194.08021013510844,222.9265866426022
213.09335139035085,199.66388122112178,131.41721220088468,435.3977600636938,,3403.9730516765812,324.5192915881851,993.055579989875,133.12747827554205,96.18779558733118,160.02686465595846,204.64198374443768,194.3958570118556,216.1314515959179
210.6290999644799,196.50482157543843,130.61797033720924,433.8484114534138,,3388.8567958168446,319.8912917583295,1010.5413480648392,128.35906521555725,93.7588063195784,155.92361781708266,210.27743707611592,184.46366702003533,204.43308907038045
213.30320304318354,198.97574753738053,131.8739444763152,438.00939937233005,,3425.7753779027,322.147987647226,1038.888896058805,129.50982873534127,92.20424920120152,157.38463081698634,210.27743707611592,185.88231203235773,200.42245447814514
214.13402594383538,198.71304396870022,133.70076386574434,446.1543325348224,,3487.693830614129,337.7455100951391,1039.245043152065,130.32987429342782,78.50478063044277,164.00576916357772,216.20724278362405,190.66520512950754,204.54517676526294
215.0932603915472,200.15269103374206,134.04328564424398,450.04972179441245,,3505.910932730473,343.7160298253461,1056.7663498597713,132.61790264068168,85.16020025979391,163.25974022233345,215.45025994918393,194.13815822650804,206.66122083952362
215.24438340472406,200.04211134267362,135.0708753602525,452.35155374436164,,3544.5736299433042,343.8276548272105,1036.7877694936567,129.32084704294272,80.59371239746393,167.02104251946693,208.5531627850932,188.2341343205081,199.64328428092563
217.08846651339613,202.83633205321468,136.6693590876033,453.6795123946763,,3560.5622390795047,342.9889389603481,1137.8205159119948,128.4349953598245,79.33064595226267,174.29501254381066,206.9130015479054,186.67128358026358,196.30109310776677
216.9334244340964,203.60278054594608,137.35439045434785,446.55273052381153,,3501.938028910379,339.06088792146403,1125.676628193425,124.61149076183244,76.56159918377827,169.010507296424,203.21211380435545,177.12069897450266,184.93627183339788
217.61153757772655,204.20870809947002,138.15364450827803,449.87260982644017,,3493.8955231273417,338.1588282726132,1131.2678223831845,123.07770184763352,74.08403810470061,158.1928371854326,205.14666206744687,177.29430657726311,188.50262543520984
217.84410069667612,204.25534093684897,137.35439045434785,447.30524850979697,,3502.4227024765223,340.9102685610631,1182.6923326418741,122.00793048173458,74.86130669635132,158.0684948541761,208.72138889276295,173.30043964450493,184.93627183339788
218.22388688007544,204.24259567825453,138.26781843444456,448.4561644847716,,3525.4844702634728,343.7250526315014,1220.6908473824255,122.76048257825023,75.1042056231266,160.71074121629567,214.39889008884018,172.0848951372576,186.05034419852535
217.34528960751604,203.27843025677126,137.24024090869085,446.4199311941485,,3681.492285957404,342.3584105351021,1227.849001837861,121.69408588542984,73.69539384133753,160.24446686644427,205.44104909335053,167.91734777975793,182.82021479802538
217.88246930988876,203.06960652046803,135.75595548801613,448.9430838114308,,3806.8799102215407,347.58674001041857,1273.9316317401563,120.51126297139965,73.35534132437478,160.7418361914704,203.80090518119954,166.70182147800585,178.02906205294292
217.66086045868752,202.38534840361697,135.64175718134004,443.23278192855076,,3798.256032729512,347.6289814743376,1275.534239319408,119.39255884586181,72.72380810177414,152.72184974902987,197.6608081765858,164.09707024426496,178.36395125973905
217.19808566046206,201.55444891841356,136.89770693993643,446.4642091861416,,3782.945789158127,354.02486206615265,1320.6196138882422,117.80140048932759,70.44056915437803,152.97050936524798,199.76356522231012,161.83969806550226,175.46738903263122
216.32421038464585,199.23734830247412,135.75595548801613,446.4642091861416,,3924.225028702641,352.39574838008406,1255.5199029588832,120.46570488483927,74.90988349144506,150.14175576781733,204.81022717714427,170.17477457500635,180.92563724116255
216.69459080935022,198.895258629891,135.52758325517348,450.9350391100608,,4038.3723070713104,352.93273424355647,1289.9572728093392,121.69577322196912,78.74767457344919,151.72711109897756,196.14680785763184,173.64772767200688,184.93627183339788
215.3195530047002,197.3134601825282,133.70076386574434,447.70364649878627,,4025.5815380475406,349.2581319881864,1237.5712632115988,118.24010798953853,73.35534132437478,146.75345541815855,190.09080658181614,168.43827982101084,179.36594889109588
215.72046391037154,198.27488434938172,133.0156837379807,444.47225388751156,,3983.430314867783,348.6004246611338,1188.141046258163,119.19514047076689,73.40391313569965,149.2402895201418,193.16085508412303,165.31261475151229,177.3606186338664
212.75977195240992,195.6284393194536,131.30305046497287,435.53059403967296,,3725.5816119757837,339.3475185349614,1185.9330864331203,119.72158947101998,76.27012346190925,146.5980431580222,195.22158159048516,167.91734777975793,178.6975054720194
213.22881725643197,195.87291512028003,131.53141050756076,438.5849093292915,,3870.0583959197525,337.43173740761523,1217.9487212579102,120.48426558677127,77.9218341704736,150.26611062222136,194.88512937514568,167.22273531376354,178.25187652596838
211.39412078905906,194.53779808091696,130.3896468653857,431.76800410974596,,3782.8490910152786,333.06322611723056,1226.851855185234,119.14114570151017,80.3993902657824,149.67548141796593,185.8852578402938,166.35451524500863,177.1378171219527
212.70025949952952,195.33200571535835,128.7911631380349,436.59291938434535,,3831.589390705593,336.1525612892522,1246.1894359919813,121.09508141398801,80.64229417632653,152.53532999057134,190.13285444621516,170.52208080800358,176.3586469247332
212.8615720846258,195.7785466419355,126.39346192751822,436.50443269299143,,3792.926397779787,336.58399873459746,1221.3319556226268,122.7756686071037,83.508509486305,154.15175525061136,193.24498546299472,171.9112329180114,179.70083809789205
213.51462232246536,196.0670715688807,126.73598370601786,442.7016192562146,,3858.3333764581425,340.1469759881031,1193.2692600947685,122.90559352062769,84.86872952169375,151.57168631569377,193.5393551638615,173.64772767200688,181.4833409209842
212.45829062188503,194.99943166229446,125.48002175716671,438.4521446459446,,3784.1085325761105,332.73439086759436,1107.051232892363,124.30270817514553,85.01447485828155,149.08486473685798,193.45524211002663,179.7253955917578,179.81157783714687
214.28985183635967,196.46683786904632,126.16510188493034,441.5949812732331,,3860.3684731525886,339.1845924352425,1100.9971670302834,125.79600101240192,86.76333915703337,154.4936997923537,192.48798530351777,182.50375442825916,187.053676824398
216.107304412792,197.2713645941915,126.27927581109688,447.7922024827723,,3955.910969694595,343.9815212929939,1100.0712063239748,126.56711381084958,87.15197345285873,156.48315204616333,196.23088626139304,183.1983486887583,188.39055070143917
218.77123703697188,201.00747409376524,128.44864135953523,452.0416424467263,,4027.4226470303397,347.80395025819035,1148.397443364889,126.3173880030372,86.22896949215793,153.96524801530026,191.73096781900395,179.7253955917578,189.3938833273118
217.21922950012979,199.2392703315823,126.39346192751822,451.42195843672016,,4056.6861073305026,348.12376270167124,1135.8974085530594,125.53615118535393,84.57724881605587,151.88253588226138,191.35246773926548,181.80916016775998,183.04302927105087
219.119689808784,201.0496642081236,126.16510188493034,461.2047269008463,,4006.7830642222048,357.04783357820736,1127.8845880184679,127.99460052307433,87.20056519925905,156.8250840647582,190.67958063362337,181.46187214025804,193.51525765880197
219.3561719938564,201.8120795905952,125.36586002125493,466.6936388237611,,3835.271312958216,358.6588648241851,1135.5769087733759,129.23985488905763,87.97781385583431,156.38990469008155,180.54420885955608,184.93482523725856,196.0782786347413
219.1306440765323,202.17464990121638,123.88157460058021,464.3918068738118,,3880.620376250404,357.1624784580503,1104.3447540814238,129.3394077448747,86.86049274722085,155.42624849205652,177.2218385207814,183.71931714100174,191.95555634762349
220.00140321684594,202.62257720944535,123.99573633649199,468.9954707737103,,3677.1319981399656,361.669793652106,1149.180923497727,131.83160381338058,88.85226594028568,157.60223302747215,179.57693472801034,184.93482523725856,190.285128258302
220.47671902666454,203.26302251523188,124.10989807240378,465.3213675351372,,3634.980774960208,360.7888363213246,1153.3119906817053,130.53741668775837,87.68634311773417,159.93361729987666,181.5114829911018,188.92872858100728,188.39055070143917
219.60517607312636,202.17578421347696,123.5390406318258,462.1342875621718,,3529.3606759407185,358.0977199368845,1140.4202701438737,130.7466464186282,89.38664557269882,153.65439844873268,180.03954786158369,188.4078147452496,193.85014686559813
219.3968920467428,202.12431479465366,122.26545157457865,470.41191611537886,,3498.546496799277,357.47927102355266,1116.737846952525,132.57571922719987,93.71023450825352,151.44734398443725,182.10027436794584,192.05439365050583,201.20298559210408
219.80015439208788,202.0127583346941,121.22340421641408,477.937165267865,,3514.1474262251572,363.6911231975794,1079.7721261781767,131.60550071711802,93.56448917166573,154.1828377026386,175.9181294989331,192.74900611650023,196.6346343589353
220.85099940009613,203.60704997126015,122.38121023386516,476.56489397924116,,3462.4032741340598,376.5372053570426,1059.2236235181792,133.56112376613515,95.50768058586794,159.4984379252,184.11893568487216,191.0124931570095,205.10153248945696
222.8610979732119,204.9957317562612,121.8023194153944,490.5971024073213,,3516.182227206629,381.249651286956,1099.501392710926,135.3547625073821,96.96507414651961,160.8661659995795,189.24969336850432,198.8266558307559,211.5631133238609
222.18531715185978,205.90697835992154,114.50808543028063,485.2409898140697,,3518.3140220439236,382.6464921631404,1092.058385789383,133.98295790095332,94.29318595199156,164.0679465907797,181.89000039587708,199.69485769401552,204.21028755846677
220.7272907323836,205.2938668287473,114.97120539921013,476.65341531691115,,3441.9573833245977,373.6469979927018,1058.333310125447,134.7608200455581,96.04204028320565,166.1506712469661,183.90866171280337,193.0962577330117,197.74869376295098
219.45718831284776,204.1304720621647,116.59214357584544,466.4280401644349,,3245.736447289532,367.9872310720401,1033.368996496198,135.4526280266599,96.62500169448141,168.88617748831496,185.96937089412867,194.48544625401,196.0782786347413
220.52917716052377,205.00452267628057,116.24479445645726,469.5709114380395,,3269.8645560645928,367.23903788897275,1061.7521918037396,133.6708006411879,95.79914135643037,170.47152029632772,170.95556327289697,187.53954006000896,192.95888897349616
220.2997492944725,204.3481812445091,114.62384408956716,470.456228753688,,3278.8761132669406,368.06869412189957,1071.3675112367491,133.80916223740823,97.20798304083262,164.9383429095755,166.9602885034434,189.97061086900837,199.19765533487464
221.3850438495706,204.28639273498206,114.8554101691593,476.1664959902519,,3338.1783932879066,369.92109463947725,1244.8006036133525,134.37441997806462,99.15115451995939,164.25446634923827,179.57693472801034,191.0124931570095,196.52389461968048
222.41319650885765,205.38678590809218,116.24479445645726,478.2470072728681,,3324.5155667006493,369.1849441405437,1239.9217036101124,137.40825107567704,102.55173949481329,168.06139047261482,190.00669352798127,196.7428912547537,200.75735664605313
223.20014498632915,205.7062050898009,116.12899922640642,478.64537061554114,,3400.387827566807,369.5047565840245,1217.9130739443337,136.7603138445963,102.21167701031281,167.58167878552518,186.9366450256744,194.48544625401,200.08891322697662
223.83050287544748,206.72844099729048,116.70792661564151,481.96531921080197,,3409.205397057508,374.7692877673029,1351.7450440011337,135.57242892094828,100.60853811307335,168.70101022978346,191.8991939266737,192.74900611650023,200.64528191228243
223.77177423579164,206.36416921827845,116.36057749625333,484.66551450342433,,3368.313911151558,375.7920320519537,1318.8746344163537,133.55606175651732,97.8394963283578,167.58167878552518,188.9553063426007,191.0124931570095,198.19432270900197
223.44916818299478,205.76307824619886,114.739639319618,485.46227583508664,,3385.271275994095,376.8449382886094,1255.1638645464575,132.9081245254366,98.81109203545891,165.790718419158,183.6983704156978,188.58142234801005,191.287112928547
221.8595758461646,204.18137432485773,112.77133983333971,482.4965165294542,,3351.453540164845,373.37848664707553,1265.989997151883,129.10486796591582,95.16760813382975,165.37496244621153,176.44713217365887,180.5935974550174,188.83617964749016
220.97080811908148,203.1695362797567,109.52945128981429,478.99949061253733,,3307.267516003616,372.59409175604617,1269.266398256705,130.76183244748165,97.35369847480725,167.19789440807654,179.9432553068537,183.1983486887583,185.04834656716852
222.38264691049503,204.07473321802735,109.9925956392533,484.97539115474353,,3270.251940061937,374.73308605934096,1238.034243564753,132.62802665991734,97.3050070530297,168.7329818252813,188.83467211111724,185.455793689502,194.85213153584314
220.69205737206926,202.9655491248978,109.41365605976345,478.3988620763935,,3162.7907320596482,366.3701600701053,1206.1609806325998,130.05652577406565,92.77579778178429,161.21740271674656,183.2235777812293,184.93482523725856,190.73075720435298
222.43980792370172,206.16235616191898,110.10837867904937,478.30995962924635,,3124.418720701313,363.98979649521067,1194.622553840655,129.619505610394,92.28879385616922,159.01069890058034,189.30946474558573,183.545618510765,187.16575155816867
223.1790011466614,207.05439822883443,110.57151083823362,478.04339087306903,,3069.5737223536094,362.3214243954214,1087.962965918981,128.28650974436852,89.90241581218288,162.46467063558606,184.90691301021042,182.67739844201012,184.71345736037236
223.72088372838158,207.77526942476268,112.53978594400236,474.8884626814569,,3175.6784949392422,364.3759725986584,1098.4330601119807,128.79102336961108,89.41541188656782,164.51146638167322,185.5975063034981,182.65617083454174,180.25719382208604
224.183658526607,208.28827789894174,114.1607241206377,470.93362034341607,,3275.3875873000147,362.5205522031023,1146.367502746059,126.85396102252595,86.29852297039004,165.43891816035466,179.8137853065843,178.22704692120496,174.68685791867227
224.0943994059843,207.5728892122729,112.19242463435941,475.7326548198786,,3337.5970215789152,364.2432084509444,1145.4416507205844,129.75955454315363,89.36672046479028,170.45997395435788,185.72699362880434,180.88448485821652,179.70083809789205
223.71539703580953,206.95486232796952,111.49775077609256,477.9544537796056,,3286.5312350526333,363.65492148961744,1139.9572897907194,127.62001181135578,87.41866489217915,170.61988202443692,185.94281161266034,176.9869067898669,177.58344606800372
225.10217292143247,208.03064722676012,112.0766537848181,481.68710929241047,,3476.9381582848055,368.2617821736235,1149.6439038508813,128.67965915801906,89.12320355067615,173.1783860994065,182.9214637888972,179.11287170387234,179.25520915184106
226.8287987507929,210.12214573754204,115.66589144773172,487.01941986649217,,3532.7519123388456,374.64860313150297,1137.001388465581,131.49413650552603,91.11994057752712,178.03952130018322,187.6692861833611,180.35299362971514,184.93627183339788
226.88987883012243,210.2381291661852,115.89743314681431,489.9522651718167,,3570.639545844013,371.42956051752606,1110.6124864632927,130.72302370707837,89.36672046479028,177.97557810918755,184.25947638367924,179.2900293782077,182.9309545372802
228.18347652899976,210.72654512038164,115.4343253681396,497.7729781081188,,3566.2792580265746,376.90529902039947,1086.2179864470925,132.26862397705221,93.99332254712851,176.60038623891435,187.23768486572274,183.36481973737847,183.3765834833312
227.17254864325756,209.6162267149915,112.30821986441025,497.46192348205176,,3594.7676546190733,373.8340462884687,1079.5939982911298,128.9192609465958,91.55826304890233,174.5215938510344,178.6915560455846,177.6955921036941,181.9289569059234
227.20309824162018,209.43796639237578,109.7610173694064,499.15051563679197,,3562.7907320596487,367.5195919187329,1074.2877652483116,129.3815911583565,93.79850702232969,171.4833780889752,177.69881410989115,177.34122213853763,178.80958020579004
226.82723112434374,209.3384304915109,109.64524651986511,496.3954752257619,,3523.2559772833292,361.1267312048963,1029.0242627924304,126.06428752214629,90.82774220917317,166.30241422489294,172.90781772363394,177.60736827368393,175.46738903263122
226.19140566004913,209.51999922488662,109.87680040920247,482.0870317193087,,3306.007778729809,357.9529131050367,999.7862927248981,126.70547540706994,91.31476606986368,166.78213843513004,169.6706519160148,178.31705488975024,176.69218817590172
225.3652856387447,209.68841308690713,109.18212655093565,483.1979311991723,,3357.170559111915,353.41543595897605,1000.534234224994,128.93950898506708,92.48358944589262,171.03563799738342,169.10954594803337,180.09136245739234,175.69019054454492
225.2932321742711,208.56883113138903,108.60321135195532,486.0418740573495,,3376.066026793074,351.3639444614978,1016.7378945003899,128.97325571585253,93.79850702232969,170.2041385746379,167.51254137760202,184.34971882522854,179.36594889109588
226.13579315589587,209.4883014989385,107.79274226363766,494.3069259978074,,3448.9341395454744,355.2014728165868,995.1567065550234,125.9714840124863,90.09723133698172,168.18931442404855,165.3112741724328,177.07509420888658,177.47270632874887
226.21644944844402,209.71302136122668,108.14009138302585,496.3954752257619,,3584.7870459974138,350.81484225833105,1034.6866429285083,126.76115751286594,92.28879385616922,170.93969816459497,165.87238014041424,177.60736827368393,178.36395125973905
227.41138226800373,210.89932293373798,108.48741612190449,501.72778579984356,,3567.3450075887345,354.5890268314317,1030.8404282106374,126.02210410866448,91.11994057752712,171.99507389471015,164.18906223646994,176.72023269535816,174.24124193373308
227.4740299737824,210.9693352071542,109.41365605976345,503.7718491579083,,3532.5582203401736,353.7443080363925,1051.2820976107403,127.27410782080486,91.50957162712477,176.53641800162373,165.00912553002703,181.15596520347282,176.5814484366469
226.20706280714487,210.22280019633052,110.57151083823362,498.30621955942183,,3394.8645006184092,348.77241039478827,1049.9999898111716,129.56888551421582,94.48033644028129,176.02472219588884,169.6706519160148,183.64001400366695,183.48865821710186
227.42157183992316,211.71377489116315,110.91883557711226,503.060872104943,,3562.5000462051526,350.3321405429114,1014.8147871414542,132.14207373660676,98.61993459700447,183.38039323434455,169.02323261452042,185.59169771158744,183.04302927105087
227.706593092732,212.99468125707318,113.23447199252396,496.3509893558721,,3555.813975838771,353.3098507130687,1064.8860036542574,131.8974099384122,97.3050070530297,187.34607329823262,168.33260467115912,186.478887906399,188.61335221335287
229.49194756174825,215.02108284756804,113.58182111191215,504.66059645885196,,3540.3100402687146,358.0705778628581,1062.4287299958492,131.80798110183076,96.76929177056164,189.71268518447786,163.45527762635214,183.4625650414075,184.49064288734687
229.40737220307722,215.71896846588285,114.04495327109639,507.72672614226525,,3499.9032279289077,351.80138483501986,1065.1709648011986,134.04876402598498,98.08420934699869,195.1175003096348,158.8369425571945,185.94657743061111,184.71345736037236
228.6008475123871,214.25535905433648,111.0346308071631,509.54853338246176,,3581.4922120291603,353.99771999212624,1067.2364440527708,131.58525267864675,97.40240983166025,192.52703716231488,159.70017984254488,182.39794408983175,187.16575155816867
228.30250143476056,213.69201547359467,108.71898220149663,508.57088363437083,,3579.748096902185,357.4008278516717,1071.9016775362218,132.67527208301695,97.79202094618246,198.92328482659133,158.4053239145193,182.57542946308172,183.26584374407636
227.5515510134323,212.82948127979097,107.32961010445341,506.4825076379969,,3661.6280625699083,356.14577392935655,1102.4928326688066,132.71914283303806,98.32771629357508,191.9193764774966,165.78604948186447,184.88199289002588,185.04834656716852
228.18034127610147,213.2703033820544,106.86647794526918,508.3932173253408,,3689.050413887273,360.4147397297909,1095.1566590071584,134.98692314182063,104.51276283400222,190.2243809902128,165.95869347392716,188.2531772685458,191.17638615040397
228.17877364965233,213.41856744711288,107.0980440248613,508.21544707736234,,3625.2908521930444,360.0617454563266,942.9130688499198,133.87665569897916,102.71083136441239,191.31174083897324,161.12454042091352,186.30142073864428,187.16575155816867
229.0095965503042,214.97454453621083,107.90851311317896,513.7255625457385,,3696.0271701081497,360.6168874154503,1106.4815279601485,132.66514806378132,102.2725288281126,193.16665691948356,160.99505309560726,185.23685440355428,183.93428716315285
228.91875068583656,215.96449980728508,106.51914101613575,511.6814991876738,,3654.457614350359,362.06499256170906,1072.0085107961163,137.70690964312834,111.1361418133423,195.72516099445312,168.98005862272714,190.9146386200089,192.62398680558817
229.081630897382,216.4037149671794,105.70865973756331,511.7703323421888,,3653.585261073896,362.9217908686624,1049.8575092377012,140.50957563486037,115.86017657692426,191.72749681191974,172.95099171542728,197.47952200379876,209.00144030354926
227.21015256064132,214.78312934223987,105.94022581715545,501.19454434854055,,3523.740355136498,352.43493313824433,1003.6680460755113,139.96962794229307,116.98029856363794,188.04966129269187,172.08773710504005,195.8826451929209,207.44175195348257
225.9541396617521,213.32774369458264,105.59287669776727,498.2617683358482,,3404.5544233855735,349.1645894264129,932.8704163773322,138.90491858601197,116.68808026020857,183.86011744458165,171.56978780381507,195.8826451929209,210.00342497379427
225.86486142373366,213.6482026625302,107.21382706465737,492.5739519121259,,3382.7520971594554,346.63639914169175,892.3076860376442,145.2526786467561,129.5451872342156,182.4529414556631,183.09409045592307,200.49582666329502,219.13875356228058
225.54460681061047,213.1948085993788,103.62458940174375,498.83946101072485,,3446.802344708179,343.57420604369656,935.8973949679552,145.25942799291317,130.61661779915173,184.5317213203956,188.489366801955,201.20554969035186,226.49159228878653
218.13225720238324,206.4850837543877,102.1194220746497,471.73346519721247,,3157.8490725332176,326.1966864941297,914.8148346893192,141.1946342698051,126.86662078941305,178.74312181778996,178.99370468799037,197.65697096605822,216.68782028122374
213.64462061337014,202.08165205018668,102.0036573202358,470.6225310710328,,3111.4342596788706,325.6234620949151,898.2549729802464,139.91563317303638,123.16533513652736,180.6300094937981,173.59842834195845,196.59235001448246,209.44705628848843
215.40020929724838,203.67651084288303,102.0036573202358,478.1321893812679,,3228.004018739331,329.5243710597728,924.4658014359048,140.6563739137771,125.50301179119843,184.43576896445967,167.1672360684398,196.41495566870876,209.22425477657472
220.03036607136372,208.09574414704718,101.88786818531234,493.24051238783363,,3356.5891874029226,338.2825327863917,985.0071121417074,144.63511347338226,130.17831526285195,184.5317213203956,171.56978780381507,201.73784196064446,214.45968851208056
219.9747726846062,207.3557471860588,101.42475431151026,491.9518426599917,,3533.9149514698042,336.5960414187313,967.8774911600028,144.71273095418883,128.81468632956188,188.04966129269187,175.41123357120898,200.85066997132816,219.47366869130036
216.80891283576358,204.7162340643897,98.530214887373,482.13148294288237,,3359.5930398037053,328.2331154294957,939.8504429457207,141.47810680840294,125.16209209845374,180.6939777310887,170.83603784377098,198.54408833888874,214.79459067998854
216.73060798288915,205.23965615529426,98.41441965732218,482.84249464216373,,3223.5467370660685,330.79448754420025,925.925928441686,142.10748333755168,126.23352266338988,180.7899175638771,172.4330424142023,197.83438351732715,221.033357041367
215.79876876324596,204.21581330543557,99.12158243159988,487.15270424458083,,3193.2172314907702,332.2124675662343,929.3091628064026,144.43094575213027,129.2042974440841,186.67445689927118,171.74244912091464,200.85066997132816,242.8690457867476
214.6093226362583,203.19962706333564,101.24310732519723,480.35402298731105,,3228.294704593827,332.9757233114141,1047.5071775200215,143.92980679996626,127.59714162914221,181.49350555833638,172.69199973977797,201.02813713908287,246.4340514329319
207.98552736674316,198.295286215735,96.41077452734116,454.6699812797293,,2924.7092586993213,316.9920247600532,1027.4216552131784,140.15692229815238,125.06469928736092,174.0738537594426,169.10954594803337,200.49582666329502,245.98842248688092
211.8592661443539,201.53089618466984,105.95757254969173,481.24280493457087,,3031.686088848442,330.5259761985739,1121.2962471760814,141.87800556821057,128.18156826846328,174.64951780246813,178.30309406966586,200.67327562555448,243.2025611156925
208.18832470055466,199.1413571274235,105.83969278607542,475.288350462039,,2905.3294131649936,323.25517803193446,1178.4187848844251,144.63848814646082,134.41530623066797,177.81565751596108,183.43939576508532,203.6895620795555,246.4340514329319
206.8226926545995,197.16198223273142,109.37554932335554,461.46866253699903,,2760.077565513361,307.7511797319048,1192.4857799619306,141.3937399814393,128.66857219407834,169.82035419718923,179.98642929864698,200.14098335526188,247.3253093250339
210.06293829019364,200.6443366270138,111.49705593157073,460.93545573201214,,2769.4768024260293,312.6174737137115,1174.8575313134954,146.60592255125283,136.3633717708168,172.28290591622292,195.6111350437245,207.593038728368,264.70473453212816
212.34240096902255,202.5892567867911,112.55781533080574,474.62175534001506,,2924.224880846153,324.85416659377836,1201.2820806293598,147.5137096093816,134.5127389119117,181.36558160690265,190.99276532449318,208.65762326895324,267.15568077429685
214.5842788478634,204.7266476811152,109.49340470646231,470.6669476482904,,3075.3877351565025,322.81169790245536,1226.068375052396,149.192609465958,133.05168726491564,183.89210156322693,190.99276532449318,211.14165386365212,258.3552413926066
214.42296626276706,205.37968070212668,112.32208018408261,477.7323362470019,,3056.5892613311667,313.78804470818864,1215.8119473791855,151.18197924576054,137.14259399986128,183.98804139601538,185.42484498639854,214.5127836256863,255.12377699759082
215.76510302938075,206.77764179159266,112.43995994769892,478.665465478887,,3012.015557459619,318.5306894178872,1214.6011342067695,149.61444360077618,132.41856920381701,183.02860549868865,184.30265037547252,215.2225066527431,251.78157286332024
220.3412340431877,211.17607937097972,113.147128817104,497.5063400593093,,3173.4497062461232,329.8683056993015,1239.8860562965363,148.00303720577068,128.0841654898327,184.1799335847397,189.00733342821678,216.99679601488992,246.21124992101824
219.78841631111496,211.26416186888028,111.49705593157073,496.5732108274242,,3080.6203762504038,326.5527006455726,1251.424483088481,144.46975449253355,123.45756340749448,182.35700162287466,178.6483820537913,211.14165386365212,239.52684165247695
217.76657965702628,209.63543125173643,110.55416410569731,486.8861354884035,,2940.6008739796976,321.6501865419138,1248.2550239243874,144.50518855985825,123.99324878734936,174.77745427704934,174.76379694467778,214.33535286892206,245.09716459477895
213.47625370925272,204.77858973004706,111.85063427114588,474.8884626814569,,2849.515659110954,313.3475844566881,1179.7720786303116,144.30945752130262,123.36016062886392,175.41706151107053,174.41849163551552,213.80306059862946,248.9957374143554
213.15989904485667,203.96640639714306,112.43995994769892,475.19941336857556,,2852.7132035104087,312.5692293216157,1206.3034612060706,143.27849489580697,118.05171916103635,179.95840561798414,170.49073253460872,213.09337398256315,241.5321589485946
211.54683054608077,202.3048437417905,112.43995994769892,468.4606009455499,,2778.391661485529,314.8651099686724,1225.071228399769,145.06538429089682,122.2400187070748,176.40849405019,178.6483820537913,214.6902143824505,252.33928950425368
214.26322130411992,204.98864230463263,106.66472922884205,483.2771326778077,,2773.3527123903,320.24428603179376,1261.7877440215861,149.35459377372817,125.64910599160655,179.57463376368295,188.61885412726122,221.78740824202822,257.9096124465557
210.69721524543485,201.7961834646103,109.02195879352561,466.8986410762047,,2622.0931599371015,307.7270391219668,1258.7963040637055,148.3185691386147,126.62312381037437,177.08008540285653,188.18725280962286,222.14230616654714,256.90626685957125
207.5023734246788,197.3375800724022,107.37189809824712,460.1597940068629,,2540.0195022707057,313.03985152512126,1204.3803538471352,147.25217244579432,122.58092843228174,174.39366989960067,196.51752899583133,220.9002908691977,259.02367185057136
206.14222807129562,195.89582192620873,107.60762105471547,459.9812961862461,,2507.945881568432,308.8976101164439,1160.3632031964119,145.49902978148992,119.15825539383336,161.02551052802224,196.81967763823712,219.30341405831985,258.5780429045204
209.34410509367717,198.7536113863525,110.7898748719109,475.15485820605363,,2533.2364380485014,316.3614963348072,1232.1937355416283,144.34657892516663,118.5714963506851,160.28993841491769,195.30900372635557,217.70651904194676,251.44803161215168
210.02692111665473,199.62871754104418,109.37554932335554,478.1449392255976,,2583.624154722943,315.0913798503798,1224.7863759336617,148.30169577322195,124.8301332221222,159.650318657749,198.97778817664988,224.09404449095342,256.0150089674692
214.85207532712732,204.61121565426538,110.90775463552723,495.9068928759292,,2738.856610996235,327.70817225015713,1238.853262330333,150.59647346663292,124.09668192630241,167.26185012221967,203.72564522118745,228.5297587935728,259.246473362485
214.38303002310528,204.38866989047662,110.43630872259051,491.75647208342764,,2797.9651990185284,328.3326977472263,1214.9929286136055,151.37096093815913,123.06987602775281,166.30241422489294,208.9914169168763,231.54609986405958,260.24847099384186
216.1346996408606,205.99885765302756,110.90775463552723,494.8804611147504,,2772.5776486826353,330.18207838682537,1248.148190664493,151.02336961106892,124.48783800917174,168.8609182998625,203.94146320504345,227.11031273945915,256.2378364016065
218.4995214915851,208.3216770932807,113.147128817104,500.2358114890476,,2812.9844610224422,333.80239649414267,1276.6737578646716,151.5565679574791,126.83484427915165,173.05046214797275,205.36578913333844,226.57720122188005,256.3498981742654
211.42780564031995,201.87386810012228,108.19692235075897,484.3035644389864,,2667.926305369482,317.02520659003665,1280.9829529356969,149.5385134565089,123.9010989010989,169.11676620272996,202.9918779361065,226.7548868555778,259.5800405358772
211.10596428335194,201.23340703999878,106.3111508892669,487.29368010484666,,2741.085399689354,322.42854167698613,1292.9487127672198,149.91310216822745,120.23395206491499,167.26185012221967,211.45167609769487,227.82112809623132,260.69409993989285
206.18294812418202,196.7266426397274,103.95390913432855,467.79119947192083,,2569.186264428021,312.7290987155759,1274.8219451328885,148.67965915801906,121.11405574325535,164.0317546945836,207.26494234617556,225.3332379365382,266.0416213702812
206.54627422986528,197.00339907696915,100.4180708824306,480.15310900016885,,2613.3722885892494,313.62515543624994,1300.3917196887626,144.96751877161898,114.6109749766959,160.5457988409326,204.54572583978137,220.35742120616138,263.8134766400262
206.47267225633829,196.5757318460609,100.65378164864418,484.61593562506584,,2570.9303795549963,317.30579744757705,1306.1253944519929,145.81962372395174,113.8775535834893,161.82503835526992,209.03459090866957,221.24597681311715,268.71536912436346
207.59165166269727,197.84236478269216,101.83240252611337,486.8027764518344,,2663.5660175520434,320.9050132368249,1305.555580838944,146.75947017632666,113.92642442094586,161.08947876531283,215.81105384127684,226.22173892700818,272.1696609535166
207.55014779658634,198.40789821627033,100.18234183083486,488.453950585172,,2674.612375735863,320.36799054557224,1341.844763421183,148.2122669366405,114.21980892628886,161.82503835526992,212.78970601751374,229.24281342626145,275.06621021951264
203.58869840740624,194.40002640426871,100.4180708824306,473.1912089476883,,2585.658955704414,314.3944509373867,1302.3860129940165,147.55758035940266,112.70405543226818,162.72051853845352,214.55933725497093,229.59820289915228,272.39243654320666
199.35945253896222,190.30618317551819,100.18234183083486,459.1779867008383,,2546.5115849254394,306.68017264126814,1240.8120170028449,145.78587699316628,111.82393181885234,163.90383074314988,213.65292597782727,222.66762573215675,269.71868878912437
199.3766773125071,190.97293822401517,99.8287634912597,463.99780896696893,,2625.3876981923804,310.3547748966383,1200.2492866631567,146.14021766641358,107.57002593952016,164.51146638167322,214.94781655592647,229.9245728126052,272.615263977344
196.30713090330843,188.133786144486,98.06082303236488,462.7482549300192,,2584.9805901395985,308.6351385267746,1185.7906058596495,144.56087066565425,108.7924148632733,159.93815067926178,213.65292597782727,227.96851978582328,271.16631536653216
193.21095396187,184.39057143894678,97.35367244834197,453.01932684113336,,2524.9999445538174,304.5321002901477,1123.1481685886986,143.87749936724882,105.0763573194819,159.2985309220931,218.14180837175235,229.39107897962566,270.6099466812263
189.2330827297653,181.04929713207264,94.87856921516945,438.3812929294924,,2387.5000646872136,295.52052660779503,1138.7820152510456,144.59967940605753,105.36972188974947,162.65656282431038,214.0845619455393,226.72379186968067,268.4925416902262
193.2328816147623,184.54261654487382,92.52134574561327,448.77965713832344,,2458.0426906036464,313.59797653444326,1161.2891639027205,143.6530836075255,109.65140729671606,161.313342549535,216.63113445987076,230.9914876565832,266.37651057707734
194.88747309704485,186.64282720399038,92.52134574561327,451.54665052841267,,2476.45363257515,314.93147362863937,1125.8191087668956,144.1997806462499,109.60083201030884,158.3071109061211,222.50118611533432,229.39107897962566,270.2750574744301
194.6455042194004,186.02640726205615,92.04989373754918,448.0209721080699,,2481.3952921015803,312.8799453033808,1188.9957123373192,148.2949464270649,114.70912532065569,163.1042903927547,229.62297168214064,236.50400238710452,278.7419556049518
196.54753215450373,188.31592203399202,93.11064704165678,451.2788345048552,,2593.6047633446024,315.5258003459233,1104.415940027742,153.56787311229226,121.68877400083409,163.39212241426748,234.54347271874093,243.97258834990305,287.20885373547344
191.68165789114477,182.9920589476875,91.69630930284664,434.67718598116505,,2627.907172739995,306.5383672735087,1069.6580703976026,154.4992828819708,124.672845476851,156.70804272847823,230.1840776501221,248.95157283645437,288.1001116275754
198.26318459872013,189.01703729138205,95.23215974499938,454.8936925428742,,2883.430388796027,323.0258882722486,1131.3746556430792,154.96667510334936,125.02688244923932,166.91006238656377,228.63024707148406,250.19631895809223,286.98602630133615
199.65309573724133,189.8090550729871,97.70725078791712,455.4738451061948,,3055.6202099118555,322.32597630905724,1192.8774656879323,154.7270733147726,126.99938839188532,166.01458220338017,221.6379661550208,246.81772494300316,281.08218803008924
201.58878940620988,191.8748109971889,98.65014261379055,458.77633195813445,,3103.3914581828585,324.706339883952,1194.2664067473952,155.28895638235045,126.24071922562598,167.61365038102304,217.96916437968963,247.88462158148587,276.9594657429714
202.4149094275143,192.614240802047,102.77531873249632,465.33661191422715,,3100.3876057820758,324.2175984125754,1205.5911670195512,157.9566354509407,128.87074376171682,171.70724187319738,224.96142797111602,252.6858476123584,277.4050687667988
203.32950475621686,193.6047789835885,102.18599305594327,462.3466001873153,,3145.9303610729353,322.9112433924057,1228.525648710804,158.28229140302034,127.75804759060692,169.82035419718923,230.78835760989685,254.28627449481115,284.20153880799893
203.29975808847456,193.55661797552517,103.95390913432855,458.77633195813445,,3271.2209914812483,318.94699064555965,1236.6809498188663,158.03256559520798,126.39246501992312,167.5177105482346,229.57979769034736,254.64191884463557,285.4263379512695
202.23090449369678,192.86204076797034,105.95757254969173,455.42925529735675,,3226.162909756532,315.1758259504375,1190.8831723826784,159.40943221125454,125.68439107514646,168.22128601954637,231.21995892753517,253.75281707282218,285.09279670010096
204.3991612816149,194.11835461389785,104.18963209079692,468.63913341248286,,3436.4343520891753,324.9688114736213,1226.6025413518687,158.70412553783854,125.58323053479428,167.4217581922987,229.19133571442867,252.50803454019382,284.0894770353401
204.85333325176578,195.2602919735513,97.70725078791712,470.2903768384527,,3404.9421030958933,326.1212632002273,1232.3717547478411,159.27275795157345,125.53264528084934,168.3812066127729,229.01870904740278,251.44110149072057,281.86133230508517
206.40845692411042,196.57459753380033,98.53227504042898,473.5928636903922,,3422.383845791597,328.8153994626458,1236.8589690250792,160.88922635619673,127.25228475899691,173.43423400227397,237.39217655044138,251.7967822515355,294.6737801568619
209.12955056149704,199.28686418351532,101.12523365670829,480.68870640096753,,3285.8528694878173,331.3375499914099,1076.424539127036,162.14797941449422,128.4661315029213,175.12922948955776,241.7947109607798,258.198380548375,297.68109508433633
206.16883948613972,196.8519211271724,100.18234183083486,471.62921443202686,,3150.775322456517,322.9685842462173,1064.5299652418314,160.47076689445709,127.10054893223747,176.15264614732254,234.80243004431657,254.99758139995527,293.0020041119127
206.62301145629053,198.23236339394737,98.2965642742154,476.2258797760705,,3120.058137170899,324.4921126863785,1024.1809014219325,162.92584155909898,128.6178673296807,177.97557810918755,242.87376622998624,256.5979718714175,300.3548428384187
206.90726801327054,198.05185020114743,101.36096880343142,473.94985933162576,,3165.4072004630866,323.9883086528895,1038.1410632395432,164.81397114654516,129.17421541523566,179.57463376368295,249.08910586957523,258.55402489819943,309.7129729388187
207.0262929190313,197.85003714478796,102.0681254825817,468.9515392448784,,3252.5195115117363,322.8358200985033,1055.484350741037,161.0461486543491,125.27975888127547,135.47251651270918,251.16090307447502,264.95560498954364,309.7129729388187
206.7248115885065,198.26738528499243,103.24675245517827,459.4011436229255,,3187.0155389775578,319.98181444212446,1059.3304567780738,161.3751792795073,128.31441561123734,136.68780031290336,246.2404193629116,267.0894892939854,305.92516578072065
209.93922962248112,201.77537198549624,104.44588343629628,474.7531688170336,,3300.9691253475553,328.56198750691215,1099.6082259708205,163.66489496330044,129.57883764156895,149.032543026717,244.64341479248026,271.7128840471981,307.15131287961884
211.74416030471602,201.65285050701786,105.5251232617611,466.05070713564265,,3289.7287794520885,336.80120898236925,1093.3760322216938,164.336454905931,129.3765265284023,145.5146155775682,246.88785598944284,275.6249718952667,308.48817379554816
211.93443574433007,202.1708688603478,104.56582335296858,458.68708304782604,,3293.12031156319,335.10569480855355,1111.858946949285,165.12444106977136,130.4892127319745,147.91321158245873,241.62204964368027,276.51409187257536,310.38277727463463
213.37055362830966,203.58631726383086,104.3259800903883,471.8969611629521,,3404.4574295297502,341.7580440618611,1114.2806819749508,166.35282207036192,131.65248418949167,142.89215578845548,245.11819010191195,282.38223274742586,311.9424656247013
214.37519189085953,204.97492027714713,104.92554558094731,478.5019348668312,,3447.771396127491,345.7373593708195,1144.4088567543813,165.88374251244412,131.90538055660326,142.38045998272057,246.02460137905558,280.78184227596364,315.5074712708856
213.8983275719875,204.8037651604969,104.56582335296858,473.1912089476883,,3412.693923024434,336.4572743428405,1129.700862117509,159.6827807306167,128.9213290156618,135.79232012971977,235.66566732966697,273.31329272415564,310.2706895797522
211.89685094434202,203.02297368308908,99.64930465567772,469.7994385391242,,3340.2131942693786,331.47329718932224,1095.1211203744163,159.294693326584,126.89823781907086,133.00995227052803,232.77380683121004,268.6898979709429,302.1373586226226
212.04013582527313,202.5131948479852,100.608616754725,471.5845899768727,,3367.9265271542135,330.37214656057074,1089.0312985179262,160.87572766388257,127.10054893223747,138.03100806453128,232.8169461729297,277.40321184988403,301.02327329638337
212.19049414262113,202.08390492037088,99.88912353774847,469.71018962881584,,3350.097104748189,330.3570471706782,1114.1025540879039,159.3065046823589,125.63381578873924,134.38514414080126,232.6443195059038,280.42619792613925,309.15660425351285
214.9256773006543,205.08978514786668,101.44802550786429,477.02922390779435,,3488.0815103244486,338.3096748604181,1110.4344672570799,162.2677803087826,130.08461044071666,141.6768719882613,231.73790822876015,283.09353965257,304.70036663745014
215.57561140299123,206.03764483060422,100.84844173192313,476.67215897392856,,3408.6240253485166,337.94463790282,1097.47156077293,161.71770859697966,131.75364472984384,145.48264398207036,238.2553965107549,292.5181058201694,300.8004458622461
215.00398215352874,205.19973466545704,100.96836945834067,477.0738137166324,,3479.3606389765964,338.4001975442131,1081.8019581161727,165.38429089681935,136.30559992217346,146.0263113833031,241.7947109607798,292.8737683754891,300.5776443503324
217.34295728523801,208.78000226389824,102.40733151178421,482.96472684541226,,3458.0426906036464,335.9806123833779,1096.4387668067268,164.559183329115,135.7492518366185,146.72991190090985,246.2404193629116,285.76088137900075,293.2248056238264
217.66869859093325,208.8450991841853,105.88488206050413,482.74160456964125,,3506.9769780056085,337.4619361874004,1088.4615935857114,164.78359908883826,138.48042694552382,145.48264398207036,241.2767616595549,288.96164411642997,290.6631455646265
218.05551997595796,209.35423209147407,107.20392857778491,480.2317561377465,,3487.500138615457,336.02587372527546,1077.4928717259813,162.9039061840884,136.76078746737625,146.4740514748949,236.0541293055857,294.65199012461113,289.6597999776421
217.2865609678602,208.51688908245717,104.44588343629628,490.3608145314272,,3459.0117420229576,330.94835400998363,1037.1439165869165,163.55690542478698,138.5815775183383,145.130843723267,224.44349599492793,290.91771534870713,289.99471510666183
218.67960735927974,209.9783243955041,104.44588343629628,497.35247576944926,,3517.6356564791085,334.99104992871065,1049.5370094580173,165.1666244832532,137.21597501257904,150.27982346870397,230.91782761016623,284.2306730917501,291.66511727375973
218.94899058238852,210.46341618460366,105.04547330736484,500.13121426070086,,3526.259829684112,334.6984163870364,1063.9956902615247,164.07660507888298,135.04117789184184,150.69556691850298,235.10457868672233,279.3364169801198,289.4369984657284
218.77592079892364,210.1894167563285,106.48444755106314,503.5822645161351,,3536.5311241602676,336.42711239083553,1060.7549364702788,164.689108242639,134.43425451987966,150.95142734451792,233.16226880712878,275.7109928603509,288.5457405736264
218.6568958931628,209.60203205739748,105.28529218943558,502.73069271238126,,3516.182227206629,336.7046833703974,1120.8689141365032,164.18965662701424,136.96311851561833,149.76812766296902,237.866951859873,277.3424237012245,297.1247263990305
218.03907901563764,209.0441709859151,105.1653888435276,502.10324792756563,,3469.9614020639287,337.87223448689605,1139.1738096578815,161.2823757698473,136.86194800772844,150.63161120435987,230.52936563424754,271.90435124080466,297.1247263990305
219.54252836734764,209.93403895433107,105.4052199158531,504.34420630010345,,3462.4032741340598,344.22889349277057,1049.821970604959,159.62878596136,135.04117789184184,149.48029564145628,227.82562038574716,271.7228606585984,295.0073214080304
215.2545538592478,205.4726943074933,101.68783829480765,494.7529626714527,,3416.6668268445287,344.9258224057637,985.0071121417074,159.18332911499198,135.39520489669246,156.26031516003394,230.04180444763148,271.7228606585984,288.2121993224579
214.79569812714522,205.28725000722733,100.96836945834067,495.2908120827988,,3387.597058543037,344.6301321583307,1011.8946418107261,160.91284906774658,134.88943209754473,156.22833104138863,232.70124957694426,272.63042280260123,303.028590592501
217.94590082889204,206.9056615336674,103.24674026492349,505.6887605358365,,3477.32554228215,354.7187711011672,1036.039936674395,165.40453893529065,140.35176238027992,159.52239470631528,236.51312150646046,274.80852825501967,305.2567094005324
218.5895644254324,206.1295241237103,102.76707812027246,509.2294061647403,,3452.2286778007533,359.9802824064671,1009.1167596918002,165.06875896397537,139.087350317486,159.81022672782805,238.0201398355698,276.80516133072706,301.5809899373168
220.10867092423814,207.32518377237125,102.28742816587622,513.1734388521536,,3500.09691992758,360.01648411442903,1029.0598014251725,166.88433308023286,142.12196717729697,162.14486701857547,241.16712882646175,276.2606349676224,303.58630723343447
219.9176116713995,207.38204117443226,100.84844173192313,513.5767912643471,,3476.9381582848055,357.6723590752765,1032.621054996102,166.3798194549903,142.5771746575752,162.1768386140733,241.07849393801294,272.4488958094045,304.70036663745014
221.01387961164156,208.50267867052614,101.08827889937604,519.4928922649414,,3502.5194006193706,357.3434869978601,980.8760449577288,167.2774824938834,142.8806263760186,161.66514280833837,243.87092605007265,275.5345816113211,305.47953683466966
221.83294531392485,209.02884201606042,102.76707812027246,526.9327382482078,,3521.7055541550258,357.28316309385025,959.7221900519406,168.72352990804015,145.35891508535005,161.3773107868256,241.56605512462895,277.1681971116254,303.028590592501
221.80398245940708,208.81332268655243,104.3259800903883,527.2913276199826,,3476.550478574486,361.68485621421837,952.5284969637631,168.0384712730954,147.68547793545977,165.98261060788235,236.02556031984446,276.44214375532397,304.70036663745014
221.15091310417182,207.67025101463838,102.04760928380547,526.7086805219017,,3635.852832523696,369.2633873124246,974.3589987424949,165.42816164684046,146.52217657532947,161.69712692698366,233.27746297704599,277.1681971116254,309.15660425351285
223.550949197815,209.41932901176114,104.20606455422555,538.809737936131,,3661.531068714085,371.5472252753475,975.8546643810181,163.2143761073146,144.44853002740675,162.75250265709883,226.71751102976816,277.34970589932686,305.2567094005324
219.30918143517349,205.70733940206148,102.40733151178421,524.6021845022004,,3498.1591128019327,363.6911231975794,942.0584027707636,158.16249050873196,136.55848632174735,160.0660746306955,218.517553770634,267.18504993858375,287.7665703764069
219.12517650135598,205.8243783712804,102.04760928380547,527.3361945993496,,3548.740521475046,359.91995850245723,927.4217027610433,158.03931494136506,138.27810586481945,158.46701897620014,215.90242608554564,267.9111215003804,290.77385938165776
220.69909257369468,206.96091199335922,105.04547330736484,528.4565871698283,,3488.0815103244486,357.39176821773617,953.5968295627084,160.81498354846875,144.80256699979506,160.80164674380006,214.0851509967917,267.7295763016883,297.3475538331678
219.67409428470162,206.70165862447152,103.36666799134102,523.3472256399369,,3424.127960918573,353.89213474621886,978.7392710790044,155.07128996878427,138.27810586481945,158.6269145231317,206.10681560885334,260.4691337661508,286.8753124843049
220.46261038862224,207.44271112603573,105.1653888435276,524.0643697371705,,3436.1433705217046,352.52545582203936,992.2364525434609,159.26600860541635,141.9196759992058,157.66747862580496,210.0959919653409,266.82201415768543,293.0020041119127
221.94726734033821,209.14644814140968,105.28529218943558,528.5910841689808,,3455.0388382028636,353.97963755203534,996.6523721935466,160.99721589471022,141.9196759992058,162.88042660853256,208.32303432081133,266.0959790068793,298.5723529764383
224.51488652487424,211.8062055860625,107.68359072243594,533.4314863468829,,3555.813975838771,360.3513959478025,1029.8432815580104,162.0754239433055,141.61620434568695,168.22128601954637,208.76626073816612,259.38006283444633,302.8057890805874
224.51880559099706,211.16664252314527,108.04332514066945,534.193393484535,,3563.178411769968,362.179637441552,1018.0911882462764,160.94997047161058,143.08295742426068,165.11911454334404,206.06251548966577,256.2943588270345,301.46890224243435
225.00115660244114,211.48122512340964,109.4823237648773,537.6892760730202,,3582.8489431587914,363.8178475893364,1039.2093958384885,159.4381169324222,139.28967139819036,165.59882623043367,203.00412673714897,250.4859865931092,298.5723529764383
225.47020190646316,212.82425083992277,110.8013946626676,534.9553352685033,,3564.728834898271,366.5572083658722,953.6324768762846,162.51244410697714,143.99333251466624,166.81412255377532,209.2095044805577,252.30109267561977,298.5723529764383
226.51557933929513,213.14979845870593,110.9212980085756,537.3306867012454,,3541.5697775425215,364.18892430289156,979.2022514321587,163.85387665569897,145.56123616605439,166.2384585107498,208.32303432081133,252.30109267561977,303.3634797992972
226.75284533759216,212.47247225011395,111.52087568938937,537.5099467408166,,3502.035022766203,363.1903022142887,972.9345190502897,164.29427149244918,147.93835436749595,170.74780597587065,202.11765657740258,253.20865481962267,299.5756467189755
225.37702371971756,210.93634562557594,110.44164805417935,534.5967112504125,,3534.0116496126525,361.20215449879873,969.7649512053621,162.4770100396524,147.48316682229316,167.4217581922987,200.47766859058314,247.94484535979245,293.78252226475985
226.16085606168647,210.98942198676843,111.88062229787765,538.6752755832945,,3526.3568235399352,362.68347830282124,983.1196520963481,161.90500295283894,145.56123616605439,165.53485799314308,201.76306504849668,246.31122985948815,293.78252226475985
226.1694780071568,210.8756126566247,112.60010332459942,539.3027203681103,,3562.5000462051526,363.4256317299316,955.91173132848,159.88357377879018,141.61620434568695,165.63081034907898,197.37497971887876,244.8591231468854,289.54906023838726
227.66430541339648,213.0474425315266,113.3195843513212,542.0814588593619,,3402.519622404102,367.42306630676103,953.3476244101772,156.7113810849574,130.64093859119617,164.63939033310695,195.02580867424746,241.41041976956578,275.9574681116146
227.52102053246537,212.8253693978464,111.88062229787765,542.5296782509223,,3380.5233084663364,368.39752937153577,948.64674361315,157.0623470851261,131.14672135788166,164.1596786460173,197.77390601704593,247.76330016110043,285.31562413423825
227.63691018532785,213.37299015030976,112.24035671611115,541.2747193886588,,3483.139555085043,370.21674805912994,973.5042239825045,159.17151775921707,135.14230852958087,169.82035419718923,200.96522977719914,245.2221589277837,284.64719367627356
227.11930669617374,213.34781471985994,113.91917422238976,545.7566014874184,,3437.4031077955115,372.99533042160624,965.9188451683253,157.40318906605924,135.294054323878,167.1019545752881,197.10905772849537,241.41041976956578,280.30164395501845
227.47794903990527,214.23509897701578,114.51875190320354,552.9275920576438,,3491.7637282900473,373.0043900555418,973.1481855700789,159.5849152113389,139.593113149096,168.15733030540326,200.61063824829324,245.76670349638357,284.0894770353401
227.70816071918114,213.84398180783694,113.91917422238976,554.6754987055702,,3656.3954214760065,376.7664951167284,935.7193757617424,159.60178857673165,138.7838786639672,164.06372629008143,196.71013143032818,244.133069790584,283.6438480892891
229.72137542779953,215.01632503780846,115.74674940761457,562.2050786475706,,3700.484747494387,381.50611994844843,939.8147956321445,161.85438285666075,139.99772540789158,166.04656632202548,199.9014378654446,249.03391629149692,289.54906023838726
229.21788057668772,214.5376767725224,116.59960401176409,560.2778773137568,,3626.259903612356,378.9266285658728,921.1538616983404,160.37290137517928,139.593113149096,161.05749464666755,189.52961398865054,249.57844265460153,285.2035364393558
229.13330521801672,213.4489733174309,114.52835782396151,578.8327465546621,,3569.0891227157094,381.17422799305353,881.8732391582207,162.91571753986332,140.6046587473915,160.9615548138791,188.37718718844712,250.84900416851227,292.2228079924696
230.20686169214187,214.10435373464827,126.83406649588933,582.1492998109437,,3632.267608413921,383.80804035146224,837.3931624947604,162.38251919345313,137.9196333381443,161.24937431224438,182.43778341053226,254.11621696362562,296.5670097580971
230.45353344913377,214.19357054480938,125.73751650865252,581.6115196922299,,3603.0038524007828,388.45408579362856,859.9359041195946,162.30152703956804,138.52700524930407,160.70570691101165,186.5155946554687,249.57844265460153,296.005689928082
230.67279086066134,214.50427757818343,127.3214206912996,585.3314946533371,,3590.5040649444836,358.5562994562562,850.0356235396437,162.57993756854805,137.2110510489438,160.22598270077455,186.16100312656278,250.4859865931092,293.6952680600942
228.45597588761112,212.20442796120685,125.9812118917398,565.6560596103727,,3673.0621004640475,350.7514984763427,869.3020184000728,161.18788492364803,135.28778474265013,156.5161505397539,190.3274665849849,249.39691566140473,290.8412053185922
230.65789840939445,213.79476525919782,126.83406649588933,577.7122846915512,,3730.9109512125337,357.62709773337906,908.2264938469327,161.99780646249894,135.89513671873442,161.18543112124874,188.0225956595412,246.85575622259276,280.64817224021476
229.62662961460478,213.25861366403575,126.34671230047904,574.3508298095865,,3669.2831843556005,358.8308505578396,909.3304737594542,160.31215725976546,135.49021546626946,158.818806711856,188.46585672696963,243.2255076465811,285.9485670680831
225.8351147559913,209.44014049087522,126.46855389689532,562.563529434081,,3589.7287055238444,354.2179501178765,879.8432985393907,159.26600860541635,133.3644885337433,158.94674318643723,189.7069184156219,238.5062245498555,290.56938488183516
225.4725533461369,209.45821071535954,125.9812118917398,562.5188010399785,,3530.7171113573745,351.8557058108529,871.9373112646938,161.30431114485785,138.52700524930407,156.70804272847823,192.6323028603549,243.40705284527314,291.11302575534927
224.79130494960847,208.33724237818964,124.27545392242169,562.4739687069276,,3515.019483788645,350.68211493839726,861.7521238782185,159.97300261537163,135.79389643808045,155.23691102541662,193.2528510297179,243.04399885887955,294.9184341032774
225.62759542543662,209.25687028910863,126.46855389689532,569.7793869836735,,3498.449798656428,351.2523194596333,852.9914705243654,159.0449675187716,135.03470895985953,158.17918695468737,192.36636354493467,240.8658752009659,297.6365607041772
220.1830758283854,204.2769558871476,122.81340352644565,552.8379273915422,,3345.5428292191036,341.52573442419674,808.4401535741696,154.77431873787225,131.0869161315428,151.68699945762248,186.16100312656278,235.78353811784672,285.1331057578119
221.94805115356274,205.94715191914997,124.76282030808675,559.0229530978095,,3348.9340656172303,338.0290840028777,827.3148083681797,155.39019657470683,131.59304776204857,152.19869526335742,188.37718718844712,235.96508331653877,290.2975903673017
223.2440002921138,206.8825814300322,126.22487070406278,566.8952197524884,,3439.8255884873024,351.2342001917622,826.0327549090284,154.5988357377879,130.98567585088884,153.35002334940845,187.8453258826435,235.78353811784672,282.27906893853356
225.22981977266357,208.61407758711618,126.71222489947307,579.9857066622874,,3481.686125812564,355.6902142879634,813.1410343711968,151.90078461149076,127.8983207489847,148.39293579269582,179.42372942727673,229.61214830851833,274.53236794652247
223.9150782341185,207.8181054669361,125.37201609991328,576.117099005053,,3434.5932431063757,350.65799274234934,751.531336726032,151.8484771787733,124.91216605758366,152.6144512363039,171.7113680048323,234.1499226175424,271.40648476826345
222.40379075016276,207.13973947210525,125.25016231324224,567.7949499356401,,3373.1588725351403,343.5832656776321,731.3390354997115,155.143845439973,129.1636398577114,149.5122672369541,175.07999619195692,239.59529548155993,283.3663247633382
224.29329679106866,208.73225086859568,124.76282030808675,570.8539078316178,,3432.8488322664257,346.83552694937265,730.3418888470845,159.42799291318656,134.0730608554061,151.62303122033188,183.59019288569885,244.4961055714823,286.4921820193736
223.65980364905204,207.9198154663004,121.47317034637635,574.3176732850659,,3485.7560234884813,347.3755695186038,686.3603855099376,159.2187631823167,133.56502542519522,151.78293929041092,183.14696646834406,245.94823048958037,282.27906893853356
220.99508721164756,205.61175783977163,120.0111199504003,567.6149969697466,,3412.8876150231063,344.1625298328037,696.1894801435701,158.45777440310468,131.27882113532647,152.93426737646197,176.85297116152333,240.3213488378613,281.32772333210744
221.2942171024987,206.37981327487216,119.767424567313,567.8848571259547,,3434.0118713973843,341.96015491974026,678.8817856152358,157.98194549902976,132.54893462969798,154.5013514354595,172.42055106264414,241.59192855726727,275.89141828586054
219.44072823513176,204.46069871902273,119.15822877548648,567.525055133116,,3440.503954052118,342.16532248337825,672.0085379663249,162.64743103011895,136.15604698617543,160.70570691101165,172.1546117472239,248.4893535174018,285.1331057578119
217.9239731759997,202.67516518619223,118.30536198108219,562.0369054291557,,3383.624154722943,336.82835105639566,676.1396051503033,162.94102758795242,134.63191079292957,158.94674318643723,177.73942399623283,252.84565544971488,285.404926194569
218.38128039904885,203.0258094637405,118.67088677033098,565.5906473655504,,3409.399384769156,337.2778709418318,670.2991514675954,164.44275710790518,132.85376186834716,159.93815067926178,176.49836230758055,256.11283183383773,292.879806749823
215.49965798979053,200.16357728057613,115.99043260044708,556.368837405618,,3326.356675683448,332.9576408713232,659.4017242350177,163.7222644056357,129.80547951431777,156.70804272847823,183.32427089531546,257.74644733414203,298.9956369657389
214.90374964776197,200.20181305635947,117.08697039742913,539.0947385324808,,3261.9187484244044,312.6235134696686,637.357555936497,163.70539104024297,132.0408892319494,156.1643753272455,181.55129592574906,255.92877427680034,294.9184341032774
219.509646446707,204.33494760146917,120.8639745545498,554.0296567268985,,3424.418646773069,317.6980133069818,689.4587130681299,164.31283219438117,133.10777459968375,157.05984298728163,180.13292981012538,256.2923380170611,298.9956369657389
221.30125230412415,206.0078061164165,119.15822877548648,566.0405297802844,,3446.996332419827,314.43065264534863,700.1068264673423,161.98262043364548,131.38043021487618,154.75718681517952,174.99134397847124,251.9298644218563,304.4319160897622
222.65906533522926,207.46851672996365,118.79272836674724,574.9924449376925,,3460.5621651512606,315.0702407045302,733.4401620648598,164.01754830000843,133.51422088542034,156.0684229713096,177.29619757887806,253.74757389018848,311.22727147534715
224.9964728404894,209.59218559680224,118.91455777290871,591.0968495325216,,3496.802381672301,321.61700471193035,728.2763552550954,165.05694760820046,135.952828827076,155.6206828797178,179.1577901118565,257.2011381347414,320.4689589472985
226.044966408824,210.22732169103588,119.64558297089674,596.4950920461672,,3410.949807897459,325.943274538396,758.1196775684185,164.4596304732979,135.3939788895525,154.59729126824794,178.89185079643627,253.56579202005807,315.7122049929443
225.96587774272496,210.11302397644664,120.8639745545498,594.2458532040783,,3403.7790639649343,325.4424535551053,773.1481719849745,166.97882392643214,137.98501041807043,164.4794947861754,187.04749061134598,251.7481553737069,320.7407793840556
225.50545438417325,209.76069398484447,120.0111199504003,591.5017956752562,,3348.449687764062,324.9326097656593,745.2279026901698,165.90061587783686,136.41007965258746,164.67138697489975,183.23561868182975,249.93046411087,321.0125998208126
226.429436354175,210.58296009339804,122.56970814335837,595.2354905775445,,3327.8101049559277,328.4744847010956,761.7877643992425,166.66497933012738,138.08661949762015,165.82269001465585,191.92311980254308,242.6597536760081,329.4388259824928
226.06454262204258,210.44454248893473,121.59499975253783,595.8203203935406,,3291.9575681452066,327.4426807825093,765.3846109433313,165.4264743103012,137.4769650203218,164.38355495338698,190.59340590040512,243.02328100527833,339.76776927924874
226.27517808809984,210.62941963307048,122.44786654694211,597.6197114672117,,3397.4806733088726,329.59979435367524,801.3888867190458,164.72285497342446,137.73098771919612,160.5457988409326,191.47989338518832,244.84095406261997,342.2141013656152
228.47398447438056,213.4768742481735,123.05707452902341,608.0111117665039,,3460.4651712954374,332.9485812373876,800.3561470932598,167.72800134986923,139.45835203907913,166.30241422489294,189.17503978478146,249.7486640352444,339.76776927924874
229.1560166841336,213.78710865143898,122.32603714078063,610.395332656171,,3522.48061786269,332.56542501191836,806.3746199821803,169.24491689867546,139.81398381750316,167.26185012221967,185.717776709208,251.9298644218563,342.4859218023722
231.03533315312004,215.5224016037285,121.71684134895409,616.1533425163394,,3577.6163020648896,338.4635413262015,790.0997194200492,172.13026238083188,143.67510890531716,167.70959021381145,189.7069184156219,255.74701061216524,350.6403275272953
230.63520606067326,215.5902240243083,121.22948715354383,619.7970262893648,,3595.3490263280655,336.544777148657,796.4387464290704,172.21294187125622,143.52269528599257,167.58167878552518,190.3274665849849,253.92933755482358,351.72758335209994
228.44500250246708,214.14380259437692,119.88926616372926,600.2287176558233,,3491.279054723904,327.74437395811907,782.6210651849303,168.89057622542816,139.76316931019056,164.31958671609635,184.47668037048206,250.29399144014027,341.670460492101
228.16311650255656,214.05184452958613,120.74213295813354,602.4779564979123,,3509.690144551895,325.76830575454323,780.8760857130417,169.8962288028347,140.5760319790506,164.95921899641252,184.8312892244248,255.5652469475301,343.98088236008886
229.03542415192365,213.969244540945,124.27545392242169,603.4675938713785,,3585.4651158492543,324.6248768340925,793.5897327042434,169.95528558170926,138.34064219649446,165.34297832756621,181.72860035272043,241.75091714733728,345.4758688400291
230.3540847565916,214.5611507345814,124.64097871167048,602.6130078381227,,3559.302501805697,326.10318076013647,795.7977468697032,170.36530836075255,139.25512391244197,165.7267501818674,178.1826850636613,239.2061530204646,349.2812771879572
232.12143063883835,215.508679576243,123.66625813059517,610.3502924452235,,3629.84512772213,331.2440074296364,809.0099671872185,170.9946848899013,138.49305581581902,171.5793304449111,175.07999619195692,240.84206241317116,352.81483917690457
232.80111140891765,216.06726534722517,123.30075772185593,614.3988530683513,,3637.8876335051673,335.25654139635844,799.6795002203164,169.7544925335358,136.25764609818742,164.3515583115942,172.42055106264414,241.20560794793664,358.794759174442
234.58724969115846,217.5137025314935,124.27545392242169,618.3575411474808,,3698.83733051026,338.3730186424065,836.5384420751872,172.18088247701004,138.08661949762015,164.0317546945836,172.8637774799989,236.29789797531225,365.182409827115
234.1636082019745,217.1597498431853,124.27545392242169,616.5581500738097,,3687.4999907589695,341.39297027648274,830.1282291198476,175.6331730363621,139.2043193726671,161.05749464666755,173.83893450330464,244.29566306871462,392.0920109326978
233.03132308819352,216.22424156061834,124.27545392242169,616.1083023053918,,3644.961383581868,336.7951692264122,820.299134486215,176.3772884501814,140.4744228995009,162.94439484582315,174.63675244956528,244.4774085278545,400.9259677495136
234.37191134575377,216.6602900987852,123.17890393518492,620.1120305954689,,3691.8605742893833,344.07502702698724,850.8546966456407,178.54889057622543,142.60821357004508,166.7181827209869,184.8312892244248,245.5680269266557,406.22633665515826
234.90750430428164,218.49842736269957,124.15362451626022,622.5860547365022,,3677.3256901386376,345.2003366795668,849.7151237599601,177.4166877583734,144.28475341507777,166.46232229497198,183.32427089531546,245.20446318639495,398.2078152263901
235.9928179767754,220.46617555672086,127.80877488670987,624.8352935785912,,3616.7636728438642,345.4085241211833,872.792031684267,175.32439044967518,144.9452323672264,165.69477858636958,181.55129592574906,241.75091714733728,395.21786818873323
236.03432184288638,220.68501905132584,126.95590809230559,624.8352935785912,,3552.32574558482,347.0497173191659,902.7777802306439,175.15059478613009,143.16706350756857,168.50911804105914,182.34913119704657,240.47851687840569,394.1306123639286
235.23091328769885,220.49522655406096,128.0524580795424,616.6480919104404,,3546.414738926104,348.0272002619192,898.7891936201361,175.10334936303045,141.3889046154484,169.6604461271102,178.98050300992196,241.02384428330151,402.01322357431815
233.6945628979525,219.5613094595262,125.8593581050688,613.0044081374149,,3512.0156313878624,345.84596449470536,907.6210872607246,175.24002362271156,140.62683651882548,168.50911804105914,179.86699049470516,240.84206241317116,400.24644257984454
234.53165630440097,219.58648488997605,125.0064913106645,613.6791797900415,,3151.2597003096853,345.8399247387483,902.9202064636975,176.69282038302538,139.76316931019056,168.18931442404855,184.65398479745343,245.38628146751586,423.8942762110134
233.08301652622393,219.0317589315472,124.27545392242169,614.578806034245,,3053.294723075888,340.9434503910466,919.4444208591939,174.55833966084535,139.40753753176654,168.60507039699505,178.98050300992196,242.6597536760081,411.7985259975601
233.74233726986003,219.17454048734623,123.90449227954593,622.7209674914482,,3009.8837626223235,343.3479361619892,910.5412869318702,175.3969459208639,139.66155026310312,167.74157433245676,171.5340635778609,245.5680269266557,411.7985259975601
235.34288387443846,220.6045931611841,125.75934925494381,626.589713733947,,2977.7131480642256,345.80372303078633,926.531389368311,174.9835484687421,139.81398381750316,165.53485799314308,175.96646635170327,247.203918113867,414.92440917581905
236.44620613370174,219.96559725439718,127.73785198446377,633.022495246742,,3080.814068249076,343.26952981788844,943.3048632567557,175.68548046907955,138.9502966737928,161.98495894849643,183.9448017396416,247.93100918339798,421.44794412464705
235.20193131578532,218.92513357905372,118.2162634089755,630.638343649707,,3163.37210376864,341.55287649822316,814.8860681835025,173.21353243904497,136.61328784414917,161.47326314276148,182.34913119704657,240.84206241317116,421.5838543430255
236.9395305302898,219.34029186642184,118.33992135335234,635.8115236938794,,3253.68225492972,377.24017402599264,812.1082404049936,173.4902556314857,132.8029573285723,160.64173867372105,178.4486070540447,239.2061530204646,435.3104494103504
236.55660909399222,219.5734087903056,118.71089518648286,634.4170094703106,,3223.8374229205647,373.9215490942852,839.6367696333793,174.61064709356282,134.02224634809352,160.73767850650947,177.20754536539238,237.3884981686182,437.34907676380476
235.94661123131706,219.38522323540988,118.09260546459865,631.358086220649,,3158.2364565305625,369.6163815858889,862.7492705308454,173.6826119969628,133.3109927587832,159.93815067926178,178.62591148101606,239.2061530204646,445.63941862933
233.37820823355645,216.69312213699388,117.84528957584497,613.0044081374149,,3129.748059938063,367.0640691051199,860.4344774459081,171.79110773643805,132.49812012238542,159.2985309220931,176.3210578806092,230.29955139839137,446.45482809515397
231.27808584398903,214.42772725493202,115.12483918006396,621.0565584653554,,3095.9303241088137,364.7500691901921,832.7991692980447,172.32093140976968,133.36179729855806,154.78918345697227,176.3210578806092,225.39182322027176,465.4818439125708
229.59374769396413,213.63392923325137,114.75385315667866,615.8383382102354,,3089.437945741105,360.2186318000885,834.5441487699333,173.24559183329114,134.73352984001704,152.99822309060508,176.3210578806092,221.75647710558843,459.90965457016904
222.75694640132232,207.4449639962199,114.13556343479445,594.7406718908114,,2980.910988176656,347.64706391442843,813.1054413980376,168.89901290812452,129.80547951431777,147.11368375521104,168.87460112351133,218.12113099090507,443.3289708391186
225.6565773973501,209.95984455825902,117.22698766370598,605.8968549719932,,3004.845109240069,352.9659160735399,821.7592614919963,172.38505019826204,131.48201935935046,149.0965112640076,171.09081983546932,226.30069615993312,460.86100017659516
225.82962806341928,209.7787642093288,117.84528957584497,608.5508320789202,,2948.5466816198864,354.18476828789306,831.2678020055282,173.4278241795326,130.0595121807298,148.64877117241582,168.7859835600993,233.02606098440387,481.5188867701071
230.06671206410903,212.77229303665396,118.2162634089755,624.7903226602758,,3061.046543004429,363.4799527057647,848.6467368205979,175.6770437863832,133.8698526638444,150.88745910722733,171.80000289328115,237.3884981686182,481.24706633335006
228.5444511950093,212.0402835245004,116.85602602083023,619.4822298611575,,2993.5077694887786,358.4145125023869,836.9301821416061,175.47625073820973,133.51422088542034,145.48264398207036,171.6227157913466,236.66144351007773,484.50885972998765
225.72939555765254,208.88639130133737,114.8775111010555,610.8450418393244,,3011.9185636037946,354.40197853566485,815.5626607160289,171.96490339998311,130.31352491206638,144.42725572880772,168.6086791331279,231.93542438010746,482.60611667268824
229.1450624163853,211.9795505555491,114.50654945817975,623.48581956597,,3025.969069901372,361.2081942547558,836.8945891684468,174.30017717033664,132.0544650183283,148.71273940970642,166.65841706162698,228.1183510117795,482.4702323765333
222.4327727220763,205.5226198012953,111.2914550946366,604.7098721819444,,2898.352656944117,351.25835921559036,782.1224918586167,169.16898675440817,127.5997232214125,143.53178806877162,163.37844108798808,229.0271875404503,468.6077011686063
222.98090669219732,206.32900553820087,109.56025606361557,603.3558248555963,,2865.8916522444983,352.15437910848414,767.9487178616339,167.1424955707416,124.06667963775575,140.36563583213123,149.63797169903256,230.29955139839137,466.16136908223984
226.19765704845,208.8022631420119,110.79682331712924,614.4138202769124,,2934.108495611989,355.2738762325107,783.2621190847145,168.40631063865686,122.42815598159913,139.72600355181507,146.26936083694483,231.6163912812427,488.5860625924492
228.93597545938147,210.8170380318359,111.66241673751236,624.7044690889466,,2997.8683530191925,361.5641715784184,807.7991540148025,167.83767822492197,123.04259487700457,139.59809212352883,140.50723549844608,227.69383527340193,489.26558776211823
227.1240095755212,209.41876185563086,110.79682331712924,619.5139658867174,,2897.1899135261333,356.809484184586,804.3447337037675,167.4209060997216,122.99139163572079,140.2057277620522,140.4185919474788,225.0788525513272,480.02390029016686
228.99705553871098,211.35700217654042,111.78608687214397,626.4194617365652,,2885.755875631994,359.39199544514014,786.431632589225,170.76183244748165,130.31352491206638,141.1971603011717,148.21962290844576,228.44102520969543,502.7204142371333
228.8811658858485,211.75635886394534,111.78608687214397,621.8609073402465,,2877.228696282814,358.8730920217586,791.1324590458353,168.7522146292078,129.13584039500157,140.36563583213123,151.94282529943942,225.45239290298818,504.2153488726263
222.94253807898468,206.7283622256057,108.44734675447876,602.0469563254602,,2824.031114919237,347.33634793266333,752.8489831583424,164.79709778115244,124.3226958441747,138.41477991883247,143.6909275798734,223.21095053257446,491.16827897497046
225.39111324036418,208.90567460976706,109.0656242861082,611.3446417176812,,2858.33352431463,352.6461404578393,765.6695177498557,162.70986248207205,122.68416222048033,136.87967997848023,139.923754245392,223.21095053257446,474.8594156806771
224.66914479094936,207.93022908302592,108.32368881010193,612.6535102478173,,2820.058211099143,352.3293478923369,762.3931709854505,164.1373491942968,124.62991529187741,138.5427038702662,139.74435348896355,225.26564093265296,480.29572072692395
226.13971222201874,210.01292091945146,111.2914550946366,611.8410541349556,,2827.228659318692,353.2887483949993,767.7706443150041,165.68632413734917,125.90999632397208,139.05439967600114,143.24245167635758,228.25421862287442,489.26558776211823
229.0088127370796,212.64372189278592,112.77535042715871,623.395461973546,,2875.7752670103346,359.8746971605597,789.5655531205765,169.6178182738547,130.56955108602304,144.2353635400834,151.04589081744462,230.4956974042787,507.2053218325068
229.1560166841336,212.97467324914373,113.39362795878816,622.2220605394136,,2846.4148128543475,358.4416545764133,803.454420311035,170.64878089935038,130.56955108602304,145.73847936179035,147.27871748296323,232.73712156919717,530.8531813858993
227.57504629277375,210.67370507424351,112.52803453840502,614.0075575741654,,2803.19784011243,352.4952938700344,801.3176464323104,168.19539357124776,131.0815834988609,145.5785838148588,152.39130120295528,228.059911372008,528.67866973629
230.042432971543,212.58903858922434,113.7646017919187,621.1839876160208,,2824.8061786269013,356.42334490891847,785.8974119493355,170.76014511094237,134.46103729374175,148.776707646997,157.8626864358042,230.67917238546784,516.4470093044581
233.0352421543164,215.5951551317744,115.49580082293971,632.1064466487007,,2841.569851470765,365.4650805432761,817.5926013348587,172.5183497848646,135.12666946289323,148.776707646997,160.46383281616653,236.47887880365138,524.6014150293812
233.24744524682276,216.15422928720213,115.49580082293971,627.8186878591252,,2811.72501946161,363.5191742917051,810.0071138398454,173.68598667004133,135.79233153465793,148.55283133962737,161.809260526714,241.3431322590999,512.5056907381515
233.22551759393045,216.46113952537064,117.9689475202218,620.6875059061142,,2852.131831801417,363.3622879479432,825.4629412959796,174.10107145870245,137.89168436236864,153.15813116068412,164.32069786634375,244.14947294180956,480.4316050230789
233.30068719390658,217.0573939160059,116.4850521876997,614.1881341737491,,2790.6007630873323,363.84196978538426,838.8176421869654,173.8496583143508,138.76214943173073,154.2774751280899,164.85886548555538,241.53024833934023,483.69339841971646
234.9873767836052,218.8933413270839,116.4850521876997,614.3685721880682,,2793.313929633619,368.1169753417756,879.9857791128615,174.54821564160972,137.58446491466592,153.35002334940845,160.55352453186234,243.77529539781463,496.06094314770314
235.66394141818193,219.25962966122583,116.36140643357761,620.6875059061142,,2799.030948580689,372.3648019963603,875.6053980955178,176.10900194043703,138.55732649905787,158.91474654464446,161.450476338894,246.0203606617843,512.6416268787536
235.49322307439078,219.55864697658126,116.85602602083023,619.7847614934607,,2850.2907228186177,373.9668104361827,873.219364723845,174.64101915126972,137.63565818841198,159.23457520795,157.05544366950517,246.95577721352882,509.65165391887314
234.75481366465564,218.40760361016933,115.00116904543233,615.3164953969338,,2851.6474539482488,371.47482185942357,864.70797086294,174.94305239179954,143.6777104326629,155.39681909549563,163.24437995295733,243.96239327255972,500.953607320436
235.36089246120792,218.68169756446613,114.75385315667866,620.1007358964158,,2893.4109974176863,370.82617416630654,871.7592377180639,176.52408672909812,141.78317057008735,156.38823911146767,170.59934319052854,246.95577721352882,516.4470093044581
235.44154875375608,218.9743343733559,114.3828915138029,625.2008815062209,,2825.1938583372207,371.8096968650168,867.129651548189,176.38066312325992,139.3765982946739,154.78918345697227,168.44667271368203,247.32999116851425,518.6215209540675
235.44625163310351,218.55254351013085,112.52803453840502,636.7101798412315,,2777.1319242117215,373.7103417746902,878.2051523273967,176.0550071711803,139.7350209836604,154.53332303095735,163.78254757216894,245.64618311778935,531.3967704149662
234.29360649287935,217.26421685151624,113.39362795878816,629.3532424924248,,2623.5465892095813,371.0615036819494,856.9088168481376,176.86155403695267,138.25011701889287,154.85312664796794,164.50009862277219,243.2140563900651,519.1651618275815
234.27089502676245,217.3845642314952,113.26997001441133,627.9991951660767,,2576.7443923578894,372.2984383363934,859.0811837000214,176.55952079642285,140.70788256805238,153.82973503649808,163.69283853143634,245.83326278703922,508.83619260860195
232.29918418425498,216.2373806776366,112.6516802925271,620.0556263928361,,2466.9574018066583,367.69157765238737,794.9074334769709,175.273770353497,139.63261450109283,150.08793127997964,160.55352453186234,244.52365048580455,510.0593586517851
233.72981537566258,217.55170199222255,113.7646017919187,628.9921585858898,,2565.407052606599,376.066583153537,814.4586808035071,176.29460895975703,139.99102722254162,153.0621913278957,161.3607846231982,244.71074836054964,479.34437512049783
233.1621051923229,216.9096970070777,113.0226663159124,629.8045454061194,,2551.453540164845,374.5188956895477,863.8176574702078,177.7085969796676,141.8343738113711,153.0621913278957,164.14131443495214,250.1362772347382,485.5960896325687
231.922533253754,216.33805089076202,112.28071864965135,621.6352212370831,,2549.2247514717264,369.6012821959963,862.2863445181082,177.30194887370286,141.62955087869827,152.42255904757957,165.30735871410803,249.7621178962385,490.62463810145636
233.09318698074765,217.11708709871834,113.26997001441133,627.5027134561701,,2593.2170836342825,367.7639810683113,857.79913024087,176.74006580612502,141.06630525703886,152.71039106909234,165.84550900828282,248.2654077202587,491.98374028524165
230.23584366405535,214.34399295403034,110.05487565086818,618.6564695629081,,2612.2092494582907,363.57043856177944,871.4031449652211,175.57242892094828,140.86150225944147,152.58246711765858,172.75201366737505,244.14947294180956,496.06094314770314
226.11388462039926,210.3558928349039,106.46881964444927,607.7338719449637,,2597.189987454377,354.9812426908365,865.8475980890378,170.47329789926602,136.81639636033367,144.2353635400834,173.2901812865867,236.66595847290122,482.4702323765333
227.91644474556466,211.3433589207397,107.7053990882177,615.0908092937703,,2598.3527308723606,358.3601915265538,829.8789152864824,171.2916561208133,136.91880284290124,145.32272338884385,170.4199424341001,237.4143135608911,497.9636343605555
231.15670949855453,214.3494912176267,108.07636073109346,623.395461973546,,2643.3141144542283,364.74704931221356,824.1808878368282,173.0380494389606,135.74112829337415,149.00057143121919,167.28062843452614,235.16926650241666,511.5543451317254
230.121521637642,213.57754446129897,107.33442525508718,618.8820863734393,,2659.4961198761257,364.348830524632,846.5812032286086,169.70049776427908,134.0001881871122,147.24160770664477,163.96193100356055,229.36954187873795,508.700308312447
226.5406422450858,211.04490876151453,105.60322622406615,612.3376051374944,,2623.2559033550856,358.75240738595863,854.8789305697246,168.7015945330296,133.23214953539312,144.93895153454267,165.1279579576796,230.30501304696816,514.816138528363
228.6031798346651,212.51272458102721,105.8505543030746,623.9371224796646,,2592.345026070795,362.7287396447187,870.8333313521724,170.84113726482747,135.79233153465793,146.0582955019484,172.66232195167925,232.36294402520224,513.7288567813347
230.0698281996116,213.72798262485685,106.59248977908089,627.8186878591252,,2717.8296441907555,364.6475038222632,871.581218511851,171.79954441913438,136.91880284290124,151.07935129595165,167.28062843452614,236.66595847290122,512.3698064419966
232.58655687673752,216.30852726331335,108.57099250860082,630.4364249193975,,2741.5697775425215,366.6929555637845,882.7991455241124,175.199527545769,139.58140129227132,155.55672716557467,172.21384604816342,243.02695851532002,516.4470093044581
232.26393170654492,216.0727478564846,109.0656242861082,629.8497242023313,,2766.763635879742,367.20283618101075,915.0996871554266,175.9925757192272,139.8374174986903,153.47794730084217,173.0211061394993,247.32999116851425,519.3010461237365
234.57627630601445,217.98800259978069,112.15704851501972,638.966902287601,,2754.3605465662918,375.00763716092433,918.411735573825,176.3097949886105,141.32233143099552,153.22209939797474,173.11078053015825,245.08492590454458,535.881729854787
234.1072310019924,217.8039289268295,112.15704851501972,633.7312895817921,,2774.031077955115,375.1977053346697,925.0356150489536,177.88407997975196,143.01205832843596,149.67217530703314,174.36651652500993,254.25223021868257,555.0446299683588
234.75402985143106,217.99671474811535,112.6516802925271,630.4816037156095,,2842.5389028900768,378.0426513571129,932.9416023236506,177.19733400826797,141.62955087869827,149.38434328552037,171.31689424113176,254.81346922643212,565.373547342891
233.83394783015646,215.93433025202137,114.8775111010555,620.1909549035754,,2667.6356195149865,375.7558303439917,915.0641485226844,176.71306842149667,141.32233143099552,147.20962358799946,174.99437585991737,249.01376280824863,566.7326495266764
235.4407649405315,216.3976653017897,113.49496554668295,624.7946188034739,,2694.2829071246865,375.9549581516726,902.7777802306439,178.89479456677634,142.19279650035764,150.98339894001575,174.81499242852578,252.19424462396276,566.7326495266764
234.60055539858052,216.07871875018952,113.99770384361172,615.4970027038852,,2584.2055264319347,374.9442933789359,910.1851941790275,181.187884923648,146.28909567321148,151.27123096152852,174.27682480931415,257.2456141596516,574.8870552515995
235.2684980876869,216.44855181014572,115.75733054875408,619.4237468795578,,2628.5852425918356,379.8709296786426,906.9800333609405,181.46292077954948,148.23484874460854,150.66359532300515,174.54589995640154,258.18104891689137,549.7442610627139
235.72031861816404,216.21931045315225,108.09045266560643,631.6100342314264,,2630.814031284954,380.43207456594314,1067.2364440527708,180.52138699063528,145.00899470604136,149.5122672369541,172.21384604816342,256.6843569464068,539.8230484210935
236.68033687910045,217.44966115178227,109.59869193690226,635.1755559152998,,2682.3644913773796,381.68108873230125,1168.5541516180506,181.15920020248038,149.77094598312217,155.3008792627072,174.72528338779313,260.0519366368661,536.8330754612131
238.00132980604639,218.5197272262591,108.21612200202017,650.7921057329346,,2731.2014892105426,389.18419653660504,1167.058377298693,182.54787817430187,151.56307936313016,155.748619354299,173.91804062149413,260.9873713941058,543.6284308467981
237.80321623418658,218.36437370957208,108.59319096253522,644.6538179071043,,2724.903098554481,380.9238359152983,1126.1396085465792,181.48316881802074,152.6895606389112,155.58871128421995,170.3302507184043,259.3035633433809,536.8330754612131
238.57687812163175,219.29383232674934,107.33632693483115,652.6877442727691,,2824.128108775061,380.52259724973817,1121.830522156388,182.92077954948113,154.02085487982737,155.39681909549563,170.4199424341001,261.73572648209574,555.5882708418728
237.85569348544152,218.1608591848218,107.96475894868318,647.090978367793,,2784.980737996086,380.1665830982954,1121.5100223767045,180.9162237408251,155.6081752947002,150.95142734451792,169.25393280501788,258.18104891689137,559.9372941410915
240.15392944686874,220.58983134745978,111.73536322205013,648.6707810899367,,2779.166725193193,384.27866255496775,1115.7763476134742,182.5630642031553,155.81298825983535,154.91709488525854,174.0077323371899,258.18104891689137,573.7998253490184
241.04348098717642,221.51543015208372,113.11790877642267,652.4169486660259,,2837.7906396493436,389.59751471407924,1130.5911755102413,183.2464355015608,155.45457553838656,159.33051504073842,174.36651652500993,260.9873713941058,589.1572911924385
240.75767592114303,221.76162317563794,113.36928402001445,652.0107552559111,,2790.9884427976517,389.79664252176013,1129.700862117509,182.9933350206699,151.8191055370868,159.49041058767,173.11078053015825,262.2969836953405,566.8685338228313
240.92680752108936,221.76105601950766,112.11241999231038,650.2052664306041,,2796.4147758902254,389.72725898381475,1163.0341433746091,182.7992913186535,152.1263150172518,158.91474654464446,175.35314272270057,261.17445106335566,565.5094834834932
241.58456063827632,223.2310459375197,111.73536322205013,651.1079415506254,,2805.911006658717,394.8741254092717,1194.9430536203386,184.9000253100481,158.2195605352488,160.25796681941983,184.59171861506775,262.8582409085853,569.1789816130428
242.20318044642178,223.28298798645156,113.62064707335145,658.7808533023872,,2825.2908521930444,395.6313782262747,1200.6410810699927,181.60634438538767,153.71364539966237,157.28370677150377,183.69476680803606,257.2456141596516,565.2376630467361
241.72786463660313,223.36566674677746,114.12339756053498,659.4578423192452,,2850.581408673114,391.95673914312437,1228.9529817503824,182.5951235974015,155.91540470994067,153.92568739243399,183.87415023942768,258.7423243356314,570.673968092983
242.1060831935533,223.36566674677746,113.62064707335145,663.7907799050328,,2829.5544418676345,391.83911121308313,1246.1894359919813,180.18223234624148,154.73466015879484,153.19011527932943,183.24629090452024,255.9360200639122,554.0932843619325
242.27835004639792,224.1085625057651,110.72986224768306,664.8739623320055,,2743.3138926694974,391.59774194148326,1232.5854212676302,178.7125622205349,154.1161345729229,150.69556691850298,179.38942585434305,254.06513234393748,558.5781919573061
242.48114738020945,224.09542338874684,110.47848700409129,668.2590460015596,,2806.395384511885,395.65852030030106,1244.123956740409,179.79751961528729,151.02349667602553,150.31180758734928,181.54209633118955,256.3101794024119,598.3989786643899
244.4701021136575,226.14633872753953,112.48947676257066,678.5496948135938,,2931.880002631846,398.44616229671294,1246.4031025117704,179.44317894204,149.88953974695212,152.26266350064802,182.169955666097,255.9360200639122,589.1572911924385
244.32523048888152,225.3219615378344,111.86103255846385,678.7753116241249,,2932.1706884863415,396.8652930027402,1280.3418446954956,178.21311060491013,148.3432257822723,154.05359882072025,185.30926966567097,251.0717301974732,584.4005631603079
243.02224614870505,223.9690105890413,109.472998219979,676.9637943398141,,3020.252050954303,392.60840671421994,1263.6395567533693,181.38361596220366,153.8584139175533,154.85312664796794,196.7901904255436,254.4392916824372,596.9039921844495
243.5508039056075,224.85089110862245,111.73536322205013,677.4620083655262,,3008.5273272056675,390.7952277825828,1186.0399196930146,183.39998312663462,154.52848164099163,160.00210639340492,203.4276026125116,256.1230815276668,595.2731214083544
245.3792107497881,226.3903418982574,113.11790877642267,684.8892084434111,,3057.655010893327,394.21943796019764,1197.7920130047487,182.9477769341095,153.23988833168139,162.65656282431038,198.85316918669434,252.19424462396276,581.4105902004274
245.91795807860998,226.83566974088922,113.2435903030912,688.512243012033,,3028.0038708828433,396.2890855533273,1171.3675723697183,180.64456255800218,150.4565231952577,163.80789091036144,196.70049870984784,245.08492590454458,587.1187156834313
246.9445239940522,227.17703471397255,114.37477280412674,689.8256155632638,,3061.337228858925,396.12011969765126,1179.807725943888,181.7396439719902,151.17813305626237,161.76109516427425,195.53445443069194,249.3879221467483,576.5179260276947
245.9539752521489,226.26886020601788,113.87203450719798,685.5685534097648,,3049.031133401298,393.6975146588376,1175.0000118869661,182.30321437610732,150.25034467745445,159.84221084647334,195.62416347142454,248.63956705875842,589.0214068962836
243.83114139646457,224.10411978274456,113.2435903030912,677.2808774248848,,3003.7790639649343,389.1600743405572,1192.5569659082487,184.02261030962626,149.83798764184803,164.19166276466262,198.2253098517869,252.94908086826376,588.4777660227694
242.2125670877209,221.8437347798335,111.73536322205013,676.1939531957719,,2966.666789880406,390.7771453424919,1197.293494018852,183.92811946342698,149.3740884686752,161.24937431224438,200.82645623214924,251.07537129652434,620.4159674416871
243.74421459811987,223.02921712682328,112.48947676257066,678.63949806496,,2948.837367474382,398.39791790461715,1186.0042723794384,186.11490761832448,152.87908340117903,162.84844248988725,198.67378575530273,256.1343689347255,619.0568652579018
244.10989214347683,223.2551500730568,112.23810151897888,679.0017599462428,,2934.6898673209807,400.68775879571683,1176.5313248390657,186.65654264743102,154.88928657149395,162.94439484582315,194.4581365173055,256.6964818062473,620.5518517378421
246.34001282394905,225.9756562409979,113.36928402001445,687.2441878422785,,2978.197821630369,404.4559036128605,1196.1895141063308,187.5069602632245,156.4356105037115,164.22363436016045,192.84363365967062,253.8859538596287,633.3271011987408
245.56088336132754,225.12498506291928,113.2435903030912,685.4779879394441,,2931.20163706703,405.3429006995989,1209.1524205904807,187.25554711887287,155.7139906751691,164.51146638167322,191.76728109621052,258.5701731724914,626.1240410802438
245.29151925561447,224.90010765726157,113.99770384361172,684.4363810918077,,2840.3101141969582,405.6747558272137,1242.307682641368,186.74090947439467,156.89950967688432,163.74392267307084,194.18904404518128,258.5701731724914,620.280031301085
246.004865759559,225.13870709040478,114.50045433079524,687.0177395201606,,2896.6085418171415,405.7833609510995,1256.05417793919,187.2336117438623,156.6933311590811,165.75874682366018,195.08599585221293,256.6964818062473,630.2012439427054
248.114413025217,226.91932527010613,117.13987610312664,693.992112246442,,2891.8605742893833,407.3672501230508,1280.9116583085445,189.31915970640344,159.63132270820392,169.34064251009963,197.95621737966266,260.25651178705687,638.7634062449877
248.13242161198644,226.94618641460988,116.00869360209107,699.834243362134,,2892.441945998375,406.63109962411727,1276.317719452246,189.935037543238,154.52848164099163,171.93110565741955,199.6604292780302,259.61824532887954,667.3038781266657
249.90601888263407,227.75692034851426,118.01968336057043,704.363001926595,,2947.771322199247,410.6557131027534,1358.6182373096276,188.80620939846452,151.59048012433107,170.5879104289391,201.1852404199693,257.18138517238873,674.0992335122507
249.98981042808052,228.00914728312125,118.01968336057043,700.5588364173318,,3056.9769410414865,408.83045465920213,1349.6794560687276,190.02109170674092,153.8584139175533,170.8437458086591,206.29782413996134,260.9303881939548,674.778810526367
249.88173979006808,227.78425412312663,119.90497940212651,699.109650306936,,3108.5271054209366,408.0762217201777,1400.1068196747904,192.88787648696533,157.4149509876235,171.00366640188557,212.48677774845035,265.054296979326,679.1278338255855
250.99603543447532,228.89482459790798,118.27105860416218,705.1782297447459,,3219.186153535655,409.10802563876405,1438.8889232290137,194.26474310301188,157.77575591812584,172.69866188916941,217.86845394056664,262.42999304368027,676.9533221759763
252.23715588209768,229.52502958467548,119.15085367135121,712.8771955262251,,3264.5349211148678,407.16208255941285,1444.4088227916207,194.24786973761917,155.9717113305387,175.22518184549367,220.7386927930532,262.2425492645253,665.9448277873275
252.45562948040066,230.30293148037123,118.64811537442246,712.8771955262251,,3227.713332884835,406.9358126777056,1492.948726352324,195.49987344975958,157.20876250228258,174.5535779696797,227.19670422359277,263.3672483504456,674.5069900896099
253.70066899414584,230.8664483588195,118.77379690109096,718.5834437901199,,3223.159057355749,410.423403465089,1534.6866225508518,197.76090441238506,159.32205991526794,175.22518184549367,229.61846717256353,264.8668349946758,685.5154326338113
253.70929093961618,231.05898211071408,117.6426144000554,719.8968163413507,,3188.856647960357,407.85599159442745,1532.692329245598,196.63207626761158,159.48898626951745,175.96171824095362,230.69478508594995,264.30450365721094,692.7185445967555
252.24264257466967,229.58190274107343,116.26006884568282,713.6923540517438,,3132.8489061946693,403.1043240785736,1476.8518993368227,195.6702944402261,157.71224276775396,174.9768603542573,228.54211460910344,263.3672483504456,705.3579097614994
255.105472583934,232.8621132379203,118.39674013083068,727.4145818895564,,3195.8334041812336,412.52619606042185,1532.26499620602,200.0725554711887,160.42961283691275,178.3582228802162,229.61846717256353,266.36643984440127,717.9972749262432
253.30446096782197,230.97526356414932,115.75733054875408,718.356995468002,,3157.9457706760663,410.50184663696996,1577.670979235372,198.61132202817853,159.1231876026158,177.0450706825228,226.9276117514685,266.9287893873614,723.7053485647999
254.19948008330599,231.52779966974185,115.12888634464727,720.2138301337894,,3254.1666327828884,420.6236305820097,1608.0484678481678,197.2125200371214,161.0044407374064,175.99455393362706,221.99441146286807,264.30450365721094,727.1030262575923
253.48689827519033,230.56226362094372,116.26006884568282,713.6471059628996,,3204.9419552394056,420.3611589923404,1670.4415912857535,196.84805534463848,160.3773530366303,177.274870438647,226.9276117514685,261.6801815160699,737.1601750398149
254.72960546665755,231.86423353535906,116.26006884568282,725.0142851092126,,3287.403292616121,423.6737441680908,1752.635384564075,196.14781068084028,159.38446666895257,177.307693608173,225.13372546244204,258.30608425830906,744.7709398912239
256.4248978844307,233.5727441148296,116.3857625626061,734.0718715307669,,3252.5195115117363,428.35300826802086,1714.173780789535,195.64160971905847,158.86189856874134,174.9768603542573,225.58218404092102,254.55709944223824,755.6434981392704
255.69275898049221,232.49888124514717,116.26006884568282,730.675285284263,,3188.468968250037,431.3397780721136,1702.813373203803,194.89243229562138,158.18255106768277,175.17383694085555,225.04403374674627,253.43240035631794,761.0798031855172
257.4765267056636,233.17064617279496,116.13437512875957,739.4611752948553,,3284.1087543608423,434.2058632404064,1869.1594970712893,197.96675947017633,158.49608993430198,181.54259629642942,227.10699518286015,256.8064794085835,763.1184305389717
257.0865700677406,233.43375935423603,116.76281933286636,734.2530717640406,,3281.8799656677234,431.6867325896209,1915.6694600131625,198.48477178773308,156.77160623282097,182.65877190752457,229.61846717256353,257.74375292084414,780.5145237358461
257.5673725701312,234.16416192402045,115.50594311490754,739.0082786506196,,3285.562183633322,434.1968036064709,1846.5099765269777,196.42959588289884,154.4200248630261,182.0678546708773,227.55548841141282,253.9947498992781,786.630353951762
259.7223236506273,236.321229985198,115.25458006157055,752.5493755477908,,3281.201600102908,437.96796830159303,1828.6680613587534,196.91892347928794,154.2632653972542,181.11581995370693,228.0039469898918,253.8072879146279,786.902174388519
260.7254134041238,236.72824328036174,115.12888634464727,756.7611896124454,,3291.376196436215,446.6235646602831,1818.0199479595412,199.91225849995783,155.98774909873524,187.1234743519052,235.62800269958726,256.4315918502736,798.5901421023894
260.03397543567587,235.50168937693724,115.75733054875408,754.043879039663,,3276.259644863502,447.83335724070065,1948.7179974849898,197.46224584493376,154.78583349746546,183.93908841254455,236.34557107522733,249.30850977644198,811.3654434077356
260.10914503565203,235.42288618350162,115.12888634464727,750.4208444710413,,3158.914822095378,448.3009595662277,2028.3475751641743,199.76546022104108,153.06134979598446,184.82546426751549,245.85320478964502,253.05747638701752,801.8519354990271
260.40592348682947,235.21171505099247,114.87752329131027,755.0402377984553,,3387.597058543037,448.5121668858226,2037.7493367582285,201.6839618661942,154.94260293077505,182.19917239527612,249.440977367698,257.55629093619393,817.6171579198063
258.0512912080244,233.83755876466145,113.11790877642267,747.4318374872967,,3422.093159937102,442.49638581371806,2011.467268015835,199.74015017295199,153.11359962872913,176.61829433980031,246.92954002806832,255.11943077970312,812.7244937470737
253.9919607527513,230.17606180489403,111.73536322205013,734.932347437762,,3322.4807657191777,432.5978518724072,1987.2507872058477,193.16966168902388,146.47694388914186,165.81765570937182,237.24250555722213,249.30850977644198,790.1639159407094
256.5454904166407,231.68483890048276,112.74085200616241,749.3339895345605,,3377.131776355234,438.227456841064,2018.8747363046357,196.53927275795158,150.50073919259754,168.08284262423555,241.7272472673436,250.24574687771204,794.7847596766851
256.32309775221484,231.7784039076427,113.25213567168426,761.0181824733122,,3325.1939322654644,440.05871821279203,2069.052677396499,194.69332658398716,150.762028226472,166.60554953261735,234.19290059838082,249.6833973347519,789.6202750671953
257.1265063074024,232.7866027009078,112.99649383892334,782.4846934740806,,3369.5736484253653,439.216982467951,2282.0868920929056,194.93461570910318,151.23234649393856,169.0677005109319,232.84745556279645,252.87003260786256,773.7191683502612
252.57387057293687,227.9193633168299,112.74083981590766,770.9362448018617,,3343.8954122349764,432.69739736235755,2316.844761723045,191.9530920442082,148.67174585808937,165.02977440927373,226.56884488868533,245.93439431318583,755.6434981392704
254.40619648324034,229.07913458591338,114.78602323901409,789.730762611324,,3468.992350644617,448.29793968824913,2777.777785325058,193.417700160297,147.26080102322757,167.13080790706522,227.465796695717,247.62144294206627,743.8195942847977
258.2173066724681,232.36870315891,117.3425147081519,815.7260321765534,,3575.678494939242,436.5711274254085,3159.04558393431,194.98354846874207,149.61236245794694,171.59551035144585,225.40280060952944,247.99633050037625,740.0142118590933
261.12240524367223,236.26645215561473,106.22182070231958,814.7296734177612,,3582.073879451127,436.92110182089436,2616.4530420342826,195.77828397873955,148.35819702393246,173.95917929803502,227.914255274196,248.3712362641814,721.8026573519477
261.99081294431215,236.98369985404395,105.45487082352729,831.6221084725921,,3555.717277695923,445.36851073796794,2667.2365527336046,194.364295958829,152.48652189549077,174.91120149205787,225.04403374674627,246.49672565065072,705.3579097614994
260.57583890000035,234.74726144330052,103.66532923318177,832.7995981720256,,3553.9728668559724,446.2735902647973,2664.0669848886773,191.96827807306167,151.1800866936561,171.03741628432454,218.3169298440825,245.74693232853565,701.2806550545906
262.48492115412483,236.15328875328606,103.02621855615209,854.5830536726005,,3595.6397121825617,455.15847638317314,2746.723758520153,189.94347422593435,152.22522289407857,164.76713896047607,214.72913994099264,248.55868004333638,671.5170171297294
262.92811973913166,236.1494131863958,103.53751441192871,835.2904604226902,,3621.0272625184543,455.19165821315664,2757.763557645367,194.66970387243737,154.05422619612446,170.87327539039973,225.13372546244204,252.12023928574743,700.6011298849215
264.62733122302774,238.36826975710045,105.32704381201945,836.5131982109682,,3682.267645378043,458.0517036254924,2732.5141741883426,196.86830338310978,157.4509437663418,174.2218022236852,224.9543247060136,253.9947498992781,711.473688132968
264.1958707189938,237.33491128772246,105.45487082352729,831.984439646507,,3695.7364842536535,456.9625956808748,2863.247871027367,195.16071880536575,155.3084015976767,171.16873400872336,219.93143270171737,253.8072879146279,702.639757238376
264.6829246097853,237.13139676297214,103.53751441192871,839.411639724392,,3686.04656148649,458.7968769305813,2849.1097986843774,192.99924069855732,153.74068732950528,167.42626652538885,216.61271794571496,251.18298397898212,698.5625543759144
263.9100656529604,235.7932863995881,103.02621855615209,847.9257640313898,,3757.558238822234,458.4740814369021,3056.980152230603,194.0048932759639,155.465180998524,173.33542636871425,216.16425936723593,253.9947498992781,691.0876219762131
265.1519699138073,236.72767612423144,102.2592686773598,850.4688036341214,,3742.1512971080015,460.5919365943474,3267.1651901809314,196.6050788829832,159.64574573528932,173.36826206138772,214.01158889038942,260.36803865099466,709.5709969201158
264.1402773322362,235.694806039299,102.64273752162856,837.4810776979151,,3740.310188125202,458.01550191753046,3203.026978590623,193.34514468910825,156.35354776563688,171.36571059532162,198.3150015674827,256.4315918502736,702.3679368016188
261.362022681643,233.8591737149601,100.85320202641044,811.0060952397781,,3682.8490170870355,448.04754761049395,3208.6894674075347,191.8181051210664,152.277482694361,164.57017489702528,193.2920922381496,250.63736528616215,699.5138999823405
233.25136431294564,207.83940533049568,89.09338515329367,718.320963299244,,3601.841108982799,397.6587475277051,2418.0911746611723,173.7686661604657,132.2107161396763,145.9891426816041,171.7653701446476,239.2014560026886,631.8321665632478
231.32976016462374,204.95749598047786,88.96556423691321,735.7136218661216,,3575.872186937914,404.06670763143427,2378.881738067371,175.77322196912175,132.41975534080606,145.46388430715623,173.3095333527316,242.8228202970154,631.9680508594028
241.98000396877134,215.39487024609926,92.03333937157286,784.6673420965993,,3692.344952142551,419.0850027519558,2648.219363025707,179.91225849995783,138.638362580747,152.19376114325317,179.12284551255993,248.35889293839787,653.7131673554957
235.17845515383962,209.05554561719467,89.09338515329367,747.0665267301958,,3573.3527123902995,404.6882132505249,2654.950184441564,178.07643634522904,136.13001177764258,152.1609254505797,181.48450790874938,243.58643159002972,653.9849877922528
245.10359525567415,218.52084578418274,90.49945180424304,774.4951836856734,,3718.895541609403,418.303627738905,2669.159551411706,180.9229730869822,140.51961571553764,159.44889635379795,181.21201972940543,246.6408039401061,682.2536910816209
236.78917221294176,210.69999906261697,86.15343093501448,755.0590161017888,,3612.2093973147785,397.94537814120247,2580.2705840311037,172.50147641947186,132.1584663069316,153.80235943612274,164.40789477673528,245.30452058832148,614.9796623954403
232.75100471473215,208.63101349933993,82.95782878884698,733.7155688158556,,3575.2908152289224,391.72144645526174,2505.270592521794,165.35391883911245,119.30319335986559,146.44874219385255,156.23292022071752,240.53205923995336,599.350324270816
215.06898129898119,192.38758315631367,75.41621186857833,683.9897900771045,,3357.461244966411,366.7261742215482,2165.242171125173,145.22399392558847,83.87280305501045,124.1909013572963,139.97378895177204,230.98713654321702,527.3195675525047
225.692594570889,201.80199681494568,80.01788066569519,730.763771975617,,3528.3916245214073,386.28492953832875,2298.183827789241,155.5960516324981,91.7636441636877,147.10531829269925,162.40955572801667,237.6685715076353,605.0584497538199
214.66334839656668,189.9854721381794,75.41621186857833,697.6587318807345,,3390.6979047996438,366.6809128796507,2258.653782734922,143.71214038640008,82.82766685458797,133.74404665223082,151.41876026021166,223.35118746253082,546.3465833699215
194.2461418227825,171.00886914030238,68.38588470895888,631.4939690724462,,3054.7481523483675,336.3607487308687,1996.260645712232,122.47194803003458,65.8440790035014,116.0493777686331,119.26384705734682,205.97943106734994,440.74675445659733
212.28602376904044,187.0203168717054,71.96496179452254,721.2727601394826,,3258.7209083119747,367.9842111940616,1946.6524095525833,139.50561039399307,80.47609046856199,140.8350409688508,147.14961130846734,211.8972911497444,511.0107042582113
186.8455494129239,162.8450505032841,64.03986993485772,614.9641423620594,,2895.736484253654,327.1349478509425,1585.00715289702,120.08436682696365,68.40467963935056,128.16316859675504,115.72135346306263,209.79739650494543,422.5351999494516
198.04784625331544,171.30539727041935,64.03986993485772,665.5981396314099,,3098.352804800604,337.83603277893405,1532.051329686231,125.9039905509154,67.93436137188405,136.2718439695973,127.16632477150225,208.07930750665363,410.7112701727554
187.78287532513912,160.50907619167577,57.52083863101488,637.5791094493583,,3056.8799471856623,330.89708973990935,1286.3960192384095,112.87437779465115,58.998379079015464,126.88285209173506,109.63553579885354,203.87955462804626,355.1252610448924
188.66692105547907,162.0276997478597,57.13736369161874,648.069251749574,,3217.345044552856,336.4753936107116,1522.934529239118,115.2990804015861,63.80604646786347,119.49639915679144,110.81636699694828,195.86181810634812,385.29665554711283
180.48641536977442,154.66155469941236,55.347828196400606,623.7286209492935,,3225.0968644813975,323.51160986564673,1522.5427348322821,113.1679743524846,62.70864049962084,115.52411939418523,111.99719819504301,189.94395802395368,407.7213231350985
175.19927017430095,149.96660474424527,51.25746135018774,617.5071819647909,,3490.988368869408,318.77504173968543,1546.6168437496328,107.26398380156922,60.09578504725809,111.94579280477552,97.10056846044611,177.344662977141,376.19087829354
191.63782170275584,167.0103711587874,63.272920056065416,673.6359463844794,,3462.4032741340598,342.25882821737156,1798.4330533194286,117.65628954695013,69.24079158994985,123.56714842797555,108.72721010513959,186.12599258635822,471.59767412848674
193.84836617000946,171.00831773850905,68.89718056473549,667.187504736801,,3317.7327981914195,332.6137062317944,1920.405988123766,126.47599763772885,74.8323111291147,134.10515160960642,111.81553652130758,187.46227593814282,477.1698634708885
205.94724975233416,181.91077578530053,67.10764506951736,708.9207941039592,,3517.3449706246124,350.4920467646519,1880.9115903830232,131.12292246688602,75.1981147797852,137.88045478561438,129.9821543458079,187.27139132038448,512.9134473155108
199.00943214070097,174.52703314247742,66.34070128585246,679.811929402241,,3460.4651712954374,335.0936152966395,1831.766334576529,123.89943474225934,69.50208062382433,131.64300063129187,118.99135021548449,188.79857749542268,459.36601369665493
205.67943415567447,180.09838110796628,64.29551786274602,727.6303591463113,,3594.5736669074263,345.9877514485747,1788.2122729597943,125.94279929131866,69.92013909100841,137.12539665504227,114.4496957593594,193.57103884379083,444.8239573190588
202.38594657299652,176.78864698367073,61.73903248873559,716.1866809340197,,3638.565999069983,350.8118592081328,1866.09687116709,123.20931409769678,73.10782742763368,141.88555771774654,113.81385824498935,189.94395802395368,403.644120272637
193.45213902628987,168.93496822389622,56.24259899157337,690.7561463214404,,3527.9069509552633,333.5580073445642,1714.9572609223728,119.74521218256982,74.72780149608754,142.37798039952096,104.09472048088759,184.59880641132003,351.86349357047845
197.86852508144966,172.72552471197724,55.731303135796765,705.0607787331211,,3586.0464875582466,338.1497686386777,1618.4829147275914,121.91512697207459,81.05092335282453,140.44108779565428,104.7305493327392,187.84408158465,336.3700915864563
194.87336445900257,169.81434380390198,54.19740947333954,698.5669504113341,,3505.426554877305,331.222905111567,1709.4373613597656,117.33400826794905,80.1625516019428,132.95615282898527,101.00639406471959,181.35353123799007,343.84497214171034
208.57906515170228,182.9418026128095,57.904313570411034,750.517854156159,,3681.7829718119,358.0856772527507,1838.4615086788099,124.986079473551,82.40960838740389,141.5900990994229,112.9055325512754,191.85294984549904,378.63721037990643
208.24470190053677,182.73102533872415,60.205144921405775,742.4345914363488,,3607.364435931196,357.96197273897224,1942.4858037358629,128.84164346578925,85.70180635705634,143.72395576674035,116.90218466115736,196.62541119386722,396.848764887052
215.33677777824508,189.02034570214207,64.29551786274602,749.8820942554762,,3596.1240900357298,365.13322541566134,1954.5585055081144,132.6668354003206,90.50946876213548,142.8375799117694,124.62300070157737,206.17033389060353,415.33211390873106
218.456449999025,191.32566207404113,68.64153263684719,749.9274809295849,,3592.2481800714595,365.4861828613454,2040.5982961426384,131.07567704378638,87.89660832600387,142.0825217811973,129.34631683143786,204.45224489231174,410.4394756582219
216.24902166727398,188.67510516216845,65.95722634645631,751.6076886758256,,3844.1861720177158,367.3295605727677,2318.1980554689317,133.02286341010713,88.47144619403527,146.31742446945373,131.98047606948967,208.27021032990723,402.28504401107523
222.86031415998738,193.18404366093927,67.61894092529397,788.7998160973541,,4007.267442075373,382.9180233867453,2528.098349633987,134.84856154560026,87.42630002607508,146.1861067450549,128.07465912773463,208.65201597641442,394.94604775197615
217.9506037082395,189.59126711895792,64.29551786274602,780.5349373884767,,4135.174540887124,380.87857457340084,2599.109754532789,133.01442672741078,85.59729672402918,141.7870631628737,128.89214965332167,206.55212133161544,392.7715361023669
219.2183546881016,189.8601148790496,63.14509913968496,803.9672803655255,,4255.523511769006,381.18026774901057,2653.881851842619,131.29503079389184,82.14832433729828,140.37542893345488,129.07381998957553,207.50661724238816,400.24644257984454
225.09200246690875,195.5452721746822,65.4459304906797,811.051551206519,,4098.44965079994,387.1477676012391,2684.7935067548874,133.28271323715515,84.29086152219452,144.44619072778647,127.62049194961844,203.4977489815391,403.9159147871705
221.06712155872538,190.76966001431913,63.65639499546156,794.9757991151157,,4239.244216778311,382.1275887397589,2657.977163032187,133.2540285159875,83.3502349547992,139.39057104675857,128.9829848214486,202.16146562975447,449.4448010550345
219.19956228810756,189.36114351909507,60.97208870507068,787.9824402076042,,4083.52738265185,381.1018245771296,2607.2292996464407,136.14612334430103,87.53080965910223,140.8350409688508,130.79964487139495,202.16146562975447,483.14975754620235
220.30364924319966,190.7870843109884,62.378155356020045,782.9871343503586,,4148.1249949174335,385.7901483109951,2548.326243833467,134.4161683750949,88.42155866773093,143.52699170328958,130.34548635579716,198.15259736890542,452.434774014915
